1
1
1
2
2
2
2
2
2
3
3
4
4
4
5
5
5
6
6
6
7
7
7
8
8
9
9
9
9
11
11
12
12
12
13
14
14
14
14
14
14
14
15
15
17
19
19
20
20
22
22
22
22
22
22
22
23
24
25
25
26
27
28
28
28
29
29
30
31
31
31
32
33
33
33
34
34
35
35
35
35
35
37
38
38
38
38
39
39
40
40
40
41
41
42
43
44
44
44
45
45
45
46
46
47
48
48
50
51
51
51
52
52
52
52
52
52
53
53
53
54
54
55
55
55
56
56
57
57
58
58
58
58
59
59
60
60
60
61
62
62
64
64
65
66
67
68
68
68
69
69
72
73
74
75
75
75
76
77
77
77
77
78
78
78
78
79
79
79
80
80
80
80
81
82
82
82
82
83
83
84
84
85
85
85
85
86
87
87
87
88
88
88
91
91
91
92
92
93
95
97
97
97
98
98
100
100
101
101
102
102
102
102
103
103
104
104
105
105
106
106
107
107
107
107
108
109
110
110
110
110
110
111
111
111
112
112
113
113
113
113
114
115
115
115
116
116
116
117
117
117
118
118
118
118
118
118
119
120
120
121
122
122
122
124
124
124
125
125
125
125
125
126
126
126
127
127
127
128
128
128
129
129
129
131
131
131
133
133
134
134
134
134
135
135
135
136
137
137
137
137
137
138
138
139
139
139
139
140
141
143
144
145
145
146
146
148
148
149
150
150
151
151
151
152
152
152
153
153
153
153
154
154
154
156
156
156
156
157
158
158
158
159
159
160
160
160
161
162
163
163
164
164
164
164
165
165
165
167
167
167
168
169
169
171
171
172
173
173
174
175
176
178
179
180
180
180
181
181
181
182
182
182
182
183
183
184
185
185
185
186
186
186
187
187
187
187
188
188
188
189
189
190
190
190
191
191
191
191
192
192
192
193
193
193
193
194
194
195
195
196
197
197
197
197
198
198
199
199
199
200
201
202
202
202
202
204
204
204
204
205
205
206
206
207
208
208
209
210
210
210
211
211
212
213
214
215
217
218
218
218
219
220
221
222
222
222
223
223
223
224
225
225
225
225
225
226
226
226
227
227
228
228
228
230
231
231
232
232
232
232
232
233
233
233
233
233
235
236
236
236
237
237
237
237
237
239
239
240
240
241
241
242
242
242
243
243
243
243
244
244
245
246
246
246
247
247
248
248
248
248
249
250
252
252
253
253
253
254
255
256
256
257
257
257
258
259
260
261
262
262
265
266
266
267
267
269
269
269
271
271
271
272
272
273
274
275
277
277
277
279
279
279
279
279
280
280
280
280
281
281
281
281
282
282
284
284
284
285
285
286
288
289
289
290
290
290
291
291
291
291
291
292
292
292
293
293
293
293
293
294
294
294
295
296
296
297
297
297
297
300
302
302
302
302
302
302
303
305
305
306
306
306
306
306
307
307
308
309
310
310
310
311
311
311
311
312
313
313
313
314
316
317
317
317
318
318
318
319
319
320
320
320
320
321
321
321
321
322
322
323
324
324
324
325
325
325
326
327
328
328
328
328
329
329
329
330
330
330
331
331
331
332
332
333
333
333
333
334
336
336
336
338
340
340
341
341
341
342
342
343
344
344
345
345
345
346
347
347
348
349
350
350
350
350
351
351
352
352
352
353
354
354
355
355
356
357
357
357
360
360
360
361
362
362
363
364
364
364
365
366
366
367
368
368
368
369
369
370
370
370
371
371
373
373
373
373
375
375
376
377
378
378
379
380
380
381
381
382
382
382
383
383
385
388
388
389
389
390
390
392
393
393
393
394
395
395
395
396
396
397
399
399
401
402
402
402
403
403
403
403
404
404
405
405
405
406
408
408
408
408
409
409
410
410
410
411
411
411
411
413
414
415
416
418
418
418
419
419
420
420
421
421
422
422
422
423
424
425
426
426
426
428
428
428
429
430
430
430
431
431
432
432
433
433
433
434
435
435
435
435
435
436
436
437
437
437
437
438
439
439
441
442
442
442
442
443
443
443
444
444
445
445
445
446
446
447
447
447
449
449
449
450
450
450
451
452
453
453
454
454
454
454
455
455
456
456
456
457
457
458
458
459
459
459
460
461
461
461
462
462
463
463
464
464
464
464
466
466
466
466
467
468
468
469
469
470
470
471
472
472
472
473
473
473
474
474
475
477
477
478
478
478
479
480
480
481
481
482
483
483
483
483
483
485
486
488
488
489
490
490
490
491
491
491
493
493
493
494
495
495
495
497
497
498
498
499
499
499
500
