25
25
26
53
58
59
106
111
115
138
145
179
182
183
190
192
198
203
230
231
247
250
259
263
273
276
279
281
285
297
312
331
334
337
344
366
376
402
423
441
445
451
456
458
469
470
472
474
485
487
491
494
505
522
535
563
565
590
595
623
633
658
667
676
686
697
706
712
719
755
787
790
794
800
803
808
817
820
823
825
826
829
833
840
844
845
849
878
908
910
959
962
964
980
983
993
1014
1018
1020
1043
1056
1066
1066
1074
1079
1080
1088
1158
1161
1163
1167
1237
1251
1252
1255
1264
1315
1323
1328
1331
1335
1338
1345
1373
1387
1396
1397
1439
1442
1453
1461
1480
1484
1490
1502
1512
1521
1524
1553
1563
1567
1568
1568
1571
1579
1584
1589
1600
1601
1607
1612
1625
1673
1686
1697
1709
1712
1718
1738
1761
1795
1806
1811
1823
1837
1904
1909
1929
1931
1938
1964
1964
1971
1975
1977
1989
1992
1992
1998
2008
2010
2012
2013
2019
2021
2035
2069
2077
2077
2080
2084
2087
2099
2100
2111
2115
2117
2117
2135
2170
2186
2192
2207
2210
2222
2229
2229
2238
2278
2291
2307
2311
2317
2318
2320
2336
2345
2365
2390
2392
2401
2413
2413
2414
2434
2441
2448
2480
2481
2489
2490
2491
2496
2502
2509
2511
2516
2529
2554
2554
2563
2593
2601
2606
2609
2613
2622
2626
2627
2634
2639
2644
2659
2662
2664
2677
2680
2686
2689
2693
2696
2700
2713
2717
2719
2729
2732
2732
2748
2759
2777
2804
2808
2819
2820
2849
2857
2862
2872
2875
2880
2880
2885
2886
2891
2896
2896
2912
2917
2928
2942
2948
2955
2962
2969
2969
2970
2987
2998
3014
3015
3016
3020
3021
3031
3036
3043
3044
3045
3058
3063
3064
3078
3082
3091
3096
3136
3150
3157
3174
3177
3180
3187
3191
3216
3218
3244
3248
3252
3260
3262
3274
3280
3284
3285
3306
3312
3313
3316
3324
3340
3350
3352
3369
3371
3377
3385
3388
3392
3393
3394
3398
3401
3419
3425
3430
3432
3435
3445
3445
3446
3451
3453
3454
3455
3458
3481
3500
3509
3509
3524
3525
3541
3543
3551
3558
3563
3589
3596
3606
3609
3619
3626
3627
3662
3668
3686
3704
3711
3720
3721
3722
3747
3756
3761
3773
3779
3805
3812
3820
3836
3850
3853
3862
3865
3872
3878
3885
3886
3888
3915
3945
3949
3966
3983
4018
4019
4051
4054
4063
4114
4115
4136
4137
4138
4138
4144
4165
4173
4175
4186
4226
4252
4259
4262
4281
4289
4290
4290
4290
4304
4312
4313
4336
4346
4366
4373
4373
4383
4400
4410
4424
4463
4471
4474
4474
4487
4494
4496
4499
4505
4523
4527
4537
4576
4577
4595
4600
4630
4631
4658
4696
4701
4705
4711
4712
4716
4718
4724
4726
4728
4740
4750
4754
4787
4793
4794
4796
4812
4812
4817
4819
4824
4843
4862
4887
4888
4892
4895
4897
4905
4906
4909
4916
4946
4981
4984
4988
4988
4992
4993
5016
5016
5050
5054
5073
5077
5077
5083
5088
5106
5138
5140
5149
5157
5160
5165
5172
5176
5180
5182
5205
5219
5224
5229
5233
5237
5263
5264
5282
5286
5286
5298
5318
5332
5344
5345
5370
5384
5392
5399
5400
5412
5418
5420
5431
5432
5452
5463
5463
5474
5477
5480
5484
5485
5487
5496
5520
5536
5545
5545
5557
5572
5581
5586
5591
5602
5607
5616
5617
5618
5624
5637
5642
5677
5696
5698
5706
5707
5734
5735
5743
5751
5755
5756
5762
5780
5788
5804
5805
5809
5822
5839
5846
5868
5899
5907
5912
5920
5923
5948
5956
5962
5963
5969
5974
5979
6001
6014
6018
6038
6047
6049
6063
6066
6079
6102
6109
6117
6122
6132
6136
6155
6157
6160
6162
6165
6183
6196
6199
6202
6209
6226
6227
6249
6250
6250
6255
6271
6274
6276
6280
6286
6287
6310
6328
6336
6343
6356
6384
6407
6414
6414
6425
6429
6431
6447
6457
6471
6483
6508
6516
6521
6527
6528
6531
6543
6574
6589
6593
6610
6624
6638
6638
6643
6644
6647
6658
6662
6682
6682
6689
6695
6699
6716
6725
6732
6736
6739
6742
6755
6759
6763
6764
6774
6775
6777
6779
6789
6811
6823
6855
6874
6875
6882
6890
6897
6903
6903
6906
6910
6915
6917
6927
6936
6949
6966
6970
6994
7007
7014
7017
7021
7026
7041
7045
7051
7056
7072
7075
7076
7077
7082
7102
7105
7118
7136
7140
7146
7162
7165
7166
7167
7172
7179
7195
7198
7201
7219
7227
7244
7246
7251
7252
7263
7267
7273
7339
7354
7354
7367
7368
7375
7397
7397
7406
7411
7415
7421
7427
7438
7439
7443
7452
7461
7465
7469
7509
7512
7524
7534
7557
7582
7602
7630
7631
7639
7661
7673
7681
7683
7689
7691
7691
7694
7717
7719
7721
7727
7741
7774
7780
7792
7808
7809
7874
7877
7881
7904
7948
7949
7958
7972
7974
7997
8007
8031
8048
8073
8077
8096
8109
8109
8115
8117
8131
8146
8175
8177
8177
8183
8192
8200
8228
8267
8271
8287
8289
8316
8319
8325
8347
8357
8371
8372
8381
8400
8430
8487
8505
8526
8529
8547
8567
8576
8579
8591
8591
8592
8613
8613
8643
8646
8650
8661
8678
8684
8697
8697
8708
8713
8720
8720
8726
8733
8751
8756
8763
8783
8784
8791
8806
8810
8814
8817
8820
8838
8879
8889
8903
8909
8909
8931
8986
8989
8995
8997
8997
8999
9019
9029
9050
9052
9112
9123
9131
9158
9180
9186
9188
9190
9194
9203
9227
9233
9239
9261
9265
9270
9280
9287
9300
9312
9314
9315
9332
9336
9352
9356
9358
9380
9386
9396
9397
9400
9416
9420
9430
9447
9458
9478
9517
9527
9530
9536
9566
9583
9588
9597
9599
9602
9618
9627
9628
9631
9648
9662
9666
9677
9683
9686
9706
9712
9716
9739
9753
9765
9769
9807
9813
9836
9839
9848
9852
9855
9862
9862
9871
9873
9874
9892
9896
9909
9918
9920
9950
9951
9965
9966
9986
