544534
8114005
5090876
7480579
1934723
7256541
1253882
5023681
2325152
2126499
223842
3921754
4787128
1676600
8113877
9201548
5879520
7089932
4522711
5282829
1273914
4001360
3318110
2637685
660773
7038937
878425
2508239
9166573
6094178
2128043
7430602
7747930
2318841
9998060
381366
3605189
2279740
4668287
9400998
774284
8124602
9803137
4547788
8753957
9294007
5716265
6351976
5729048
9937684
6328728
1000055
9515063
335080
611269
4970576
7964398
4506260
7579617
5899910
7901200
2038219
2830711
912252
8768161
9611637
1474510
5403672
8576737
4449276
4829102
421991
5371940
6475829
2694254
6024054
3517777
8085099
3445491
5171309
2298216
8471842
2834641
4767383
1301453
8842677
1601539
1642180
5483986
6559283
1195869
4820000
7812200
2394184
3605418
1969123
291728
8852644
9554413
6564568
8366626
7448182
3339591
2045027
8158742
9515109
4665618
9327048
2001053
3025953
9225353
8733332
1837145
7860747
9755405
7095903
9537761
8088504
1605437
1610284
5269261
4285378
565264
2191377
7602972
7791373
1979239
8337906
2186524
770417
7657546
4584252
2572843
4349324
2421745
2644186
7361644
2816262
6931632
5188301
4508157
4423879
5015641
2255465
947713
8128037
6142718
6249170
8252507
3057243
1654303
5543321
2089229
673255
5115856
6601146
4352675
6688851
6176870
2248043
7962115
275733
3222054
7484818
5665721
5482086
7900103
374310
776707
3658755
7154788
1573406
4672517
8367460
2591120
1182338
8161397
4124909
7420135
6196417
3676552
334713
6389261
7750143
2457002
8808211
545250
9529335
8436373
3538552
9523929
4504188
2386434
2494406
9066737
7859292
2209300
4424117
623530
8167235
2152571
6547041
6252984
822445
6361268
7855961
1331232
2942940
2440651
7347021
3628329
4704799
1205430
1728285
5912243
1912477
9533907
2570187
7055519
859230
9146943
9632218
7522887
129472
7563839
1553878
9825177
3914590
764789
7923906
3262378
1860202
765403
3133132
6177954
207201
5492278
9322418
9848885
4125639
122438
8070870
2501521
5056623
7420780
3029701
1172194
4411366
865100
5608635
5777554
3095915
5279189
9900148
687841
2387592
3264272
329898
9993368
1610846
3688516
9578919
3893091
7857879
9250390
2416893
7121634
4694973
628342
4802428
2319257
2834895
4764835
9488511
4488142
6036096
4097576
4619604
4933049
396832
8354530
727271
4870604
9466360
4111076
3384619
661166
1006433
4509222
3960011
6761840
9499415
9462027
4805665
3126331
2833178
6420604
5924071
6604038
1080431
866988
9729044
3413232
9152738
9878538
3426314
7010839
8889895
5969445
7973689
4046929
9407646
5223908
6150574
2548527
8940778
4006445
7703919
2066479
4986675
1513501
1896471
9375450
6784069
2462207
1989557
6561370
816153
9763086
3577592
4034115
7797296
1233582
6353840
8054978
63377
4149650
95466
3518627
4093336
3541535
7022558
4738771
7398541
2718093
9499141
7586470
2175521
6098646
7969177
7828260
4493919
9776379
875743
4834538
2999202
7389474
3416639
3950301
5361072
4012954
4056498
7172920
8428043
604825
2108678
2083564
7365525
1759363
4287691
3265948
622719
6865835
1355334
3847177
1840498
8245249
8142316
4859279
9446987
8720886
6536800
7068113
5822319
4345271
2268141
527418
2332648
4323439
5801033
1407493
3141781
6268743
3603375
6665804
5025402
901115
7266026
6041313
3531885
8967034
9945870
9639462
5827863
1693018
6921390
468179
8606000
7985193
5544095
9320271
7317384
7122548
632730
5490564
611875
6479155
4782357
7966847
259670
6466647
5660104
1127249
8793114
400305
3401432
7717640
8370825
5042614
855643
9867672
64396
3684065
1261691
3013841
6489696
1142893
8704575
3132339
2752906
7282061
4199970
9350742
6026774
2770101
6327688
4902263
2936543
5979934
9479714
732123
9066871
7607417
1261910
5124496
8896605
8936859
9984047
8953938
4666846
5397184
3208814
5468379
2886623
8700251
8397943
9396447
4312362
5499865
4876775
6895056
5776243
7063032
9877444
869096
7642050
3378180
2506144
7623623
414228
6102742
3844351
9119204
8874486
6643564
2025460
4843339
937767
4965750
4578631
6470181
5364745
131656
1181166
3701735
404026
9548146
2392260
2634379
9689137
5013219
6687682
881005
2362814
2177913
4531136
424459
502964
5632363
217429
1504675
6487582
9982671
6286868
708851
2515335
3952623
8421776
5074584
9438816
3567738
1999513
4410651
8994275
3259981
3048646
5006733
9486803
6862858
6847091
8629482
8266602
5659194
7568119
519457
6659041
7044714
3822236
9240853
3951638
4835255
2398150
7017770
3595696
7218103
5294043
2606358
5356245
424607
2865752
1231270
5687358
4641659
8718020
3723686
3618373
9289854
8087311
2467908
2016415
5457102
3996517
7737133
1463977
3882249
5571861
6604327
5882395
3749080
6333533
8815348
3571707
9996452
8237255
9011120
7056615
655639
7800706
7945356
4928680
7125934
504319
1967961
8760132
6495461
7882489
3657021
5722765
4731842
7014480
1391844
4424756
6211136
821784
4823143
35647
6946081
7148766
7042044
6061124
9670853
6254970
4622537
1046707
946085
6459003
7854600
8094554
1162518
2855994
9442091
990140
5523123
1513896
1580797
7027445
7331569
8528934
4838335
258318
2273934
4900112
2997479
7484506
818545
718256
7005141
4800870
4540775
5138484
3141542
7725931
9793876
1720376
7185269
2838056
176558
3649027
1130978
7003504
8427050
7403534
5511988
7255582
2404114
8263697
4942826
1490675
2067198
3749491
3411882
3310792
177030
1239555
5868732
1358595
6811298
1237141
5548294
3266857
8678657
6028611
3605700
3356170
8421692
5107971
2162167
3891639
1686481
6630806
9935645
738251
5344316
6619927
5873010
3348698
7301531
372620
3443180
8611444
6594231
512662
9833074
3857336
3055046
5480021
23218
2771140
873838
9344425
1353667
1952594
5007129
5380909
6429375
6510532
1596783
1769133
2736771
2530695
6168739
8945682
2906370
5818081
9730325
4027221
9352009
6557591
4833555
2652960
3466106
8397701
8329564
5381814
3915778
503120
7427885
7447029
8939216
6964599
3296196
1929366
6089057
1911651
7435291
3754047
2938192
8490859
8570345
1899167
6502322
6755310
7278969
8278708
4318497
1176237
3267858
5765746
6352887
1091581
3526297
3896214
5025030
9483343
3341180
1048002
134748
5843035
5235440
696103
4010674
3996825
242201
320088
9165289
5069042
3666253
2833873
5746212
4028734
869811
9281913
2722260
4474800
5879847
257866
2014252
610738
688690
5160329
5360721
7269740
9862267
627231
4333945
6495849
6821761
4196677
8714857
4265599
5249317
6329614
1386830
9280176
4661914
8237283
5512028
2690037
6654506
7835307
9091247
1474322
9798989
2859866
4595897
4470945
4528678
9586183
1216332
1022666
788289
4182477
7186195
2248343
2417733
4041880
5444132
1247027
1088244
1680812
3977962
2131262
2066502
8289970
7027447
8815213
8420465
2467966
5165788
5086403
8787011
8771150
2526738
3872589
3918117
6626315
8245893
6960546
2540483
1969961
1501546
7061258
5837175
8772346
7704140
4658125
5035701
5323365
6323419
6490820
1280419
6932401
4817787
8857180
754411
380872
869486
9612843
3416676
7709754
3208620
5482610
7047200
6612098
7111903
391957
729324
2782615
8722800
2536810
6097468
7037193
5850938
572386
6071885
6866862
4884689
8304697
3169200
5085730
526570
125425
6906822
5168394
9039036
9934194
3275110
1473739
5239790
7281547
4198985
8266085
180322
1039661
9061516
5228994
6887363
4308223
6511726
3511908
4250269
2089114
8319292
7975843
9080884
8804197
9127729
9245585
3684543
6095464
1966251
2416586
4018301
5143462
2363243
48383
2645312
3218359
4843704
5631452
8887906
5600221
146851
4783721
3657553
9323154
1767631
2748473
1555202
4141417
8957931
3409640
6835656
5981394
8184890
8843827
9319529
1791254
3423264
2552073
8100241
6764925
9560898
8161238
3950555
3148924
3261378
1639477
323667
2419874
9250293
8035083
7572121
149378
2180219
3362043
3026082
9604607
6533494
9884558
8691899
3220365
2680493
635192
2674309
7462702
1012708
1581347
3221225
4842326
332956
7451504
7992591
173141
2335097
2639033
8388028
1209678
2551841
4557783
9325281
221197
9526637
5962818
7403966
3334998
9373303
3941160
8272465
4780984
38584
465877
4255514
8849566
5646589
7766351
1205303
628465
6430227
8635390
7478659
2656706
752258
1677486
2665359
9394146
8001274
5069624
7145987
2801881
1136313
5702442
5168565
7880138
1072089
226666
9782573
9386861
542334
7582449
6693876
7215719
9152188
3555254
5445904
6690762
8996380
560796
7392370
68116
3604036
9414694
2974719
6073343
2847433
646706
1773594
5072642
2376062
6270855
7569824
982333
2779981
9218230
1919950
2420510
8355934
8405029
1420623
5054997
6058848
7679655
8765575
8639710
3337252
5068715
5269852
818369
70909
6675064
5262619
3312383
9601789
7800859
4572710
2579337
7326964
1300494
3191306
3120759
6879843
7590955
8023082
9015687
4960297
7830059
2903295
5367861
4006868
7768242
4415080
5366240
1598149
9140344
3294951
3841926
9513771
2073182
5298504
2627617
7010686
4489467
1817902
5117136
3872047
3990482
6892928
9870377
7174988
311045
9105326
3527230
7490463
6754923
5184537
7784847
3389899
2123927
6495783
533211
1489733
3259786
3224778
4464448
9032628
8911509
2283162
4002677
3537871
7837875
8237418
9368728
6160846
7621164
6217354
6019353
350366
7591996
7177940
7205343
3369562
4120497
9630766
8222744
5262756
5226717
6649065
5178228
3978950
579270
6549159
7214427
1720856
1011768
9527491
729011
1352504
3891033
4052525
9059140
5310026
3684729
2557094
672935
8471004
7671094
2369074
8958747
7166212
9128485
6220255
3400018
118297
5339207
1816105
7076387
767907
9879689
6619695
4484522
166871
5537417
5500600
3300685
3064776
1345908
8024305
1592693
6609768
1726968
3768211
4266746
3558592
8948200
6765376
5433320
5584851
5310725
1849999
2914580
9979212
5484559
1946161
127333
4851100
2390340
9784638
5787216
6732030
6133328
9852630
6890062
9353341
8657516
6695912
8126333
6957132
497654
2505778
9865376
4355810
9844051
1753339
7451032
506864
3276496
7346619
2050279
8679529
2660380
5069141
2625044
6085471
5192159
478249
4622385
7932099
938632
4730881
1076951
8971556
8306359
6019016
9018812
491984
1617526
1818528
8189137
4587540
120359
8515373
7454682
5996677
5513013
6061727
7370894
81947
8121890
7704750
5235556
295660
8999423
510959
3545841
8319343
2235764
8741919
4190830
6876081
9850699
7001770
2804720
7976172
889609
5920518
6591078
2249117
7106222
3872374
8585974
193853
8387974
5862512
3558326
861424
5047844
1635856
2681994
7858515
4169638
8884620
8647898
9234126
6796444
3048088
3546234
3136738
1395031
3981111
5085434
8674547
5281579
981316
1144596
6118023
8027991
1406267
888626
6567792
2367888
6434906
9994167
8968194
5806448
9885709
8403483
7149559
8536303
7307754
6827353
9792686
9364382
6839981
3999048
396525
9886866
9791367
9701956
7006269
6583205
3966214
8503075
5337396
3664853
8735834
9194392
5990463
4114179
5169097
7562464
5275910
5583106
3919771
5437209
2838969
9820302
3413983
4179809
467603
1653904
8613638
2439736
3399718
5352820
4869947
812236
7329373
6216905
4881430
8778324
659854
668106
5633295
3556231
8853777
4691964
4575371
2646917
626226
6453658
5520984
919086
3497790
8211607
711900
8509731
2967007
6878944
498305
6454516
8730400
8705122
9755015
675268
9942861
1541627
2517259
4026204
5888959
7734297
3514828
2703094
721351
7847395
3742995
8461412
1999719
6454485
9090292
5253034
4826486
1696270
8404132
7121438
1932019
7556050
3868220
882580
1098455
8783031
4707578
3652075
6435696
9786379
4541465
6710697
70790
3738239
9870098
5957045
7568631
6615927
78792
8956981
989956
6134352
2403627
8422322
1196261
565283
90980
6555327
2553839
508195
1229855
1761872
8198073
2858391
5980959
9504821
7170856
5984965
5507160
9119926
28210
5062714
2815188
4713604
2397409
8417950
7506404
594334
1929137
8607585
7111748
2409090
2496052
5776594
6911657
1759872
8626009
1751246
4470902
3325930
3988883
6114461
8311161
6674133
3847060
7749103
437984
2656375
4081083
252305
6247815
1776299
5047836
5523119
6508819
1772566
6668855
7308274
9768001
2700847
5674323
5434765
3251511
4252758
8147734
6722016
1465621
6381577
1544174
4460455
8007867
9285516
651839
2754017
8610322
3355036
3017527
2529745
2549598
6168482
9149492
4471238
8898816
5804293
7838012
5173111
170629
4470845
4487271
9045829
5915782
4865720
6310600
8577168
414384
5472165
2052866
765215
4211096
7033472
9770000
244204
3679645
7906377
8449029
3258763
102772
6530520
4487913
4513763
3536233
9851300
5332348
3423967
8372489
4894145
2465824
605348
7076443
7290037
1208402
4633514
2611767
8575966
3460480
1492692
6375149
2230552
2460998
8692954
7761241
3306869
3076583
9308250
4865340
2738319
8807289
3141004
2521552
4004604
4333249
1805204
2671124
4727094
6724784
757063
1892949
6634222
3212861
1944619
6888009
161407
8828145
7043233
4299792
4925271
3197545
5280860
9291582
3040662
9973422
2658915
9969165
5579528
9856431
1564180
8445730
4957356
4875306
5371936
4556997
3216521
1079051
1870974
8307265
6413206
2354216
4382538
4398163
9757208
9950860
9949592
7399795
8956033
4253954
6058555
9479627
8943098
5522438
6982600
5456608
4869786
2399410
585838
6139472
6339994
7119080
6197506
5739124
9679692
2741687
3661455
3434759
5772769
7019274
5257784
4084012
4355920
4182996
5270180
2259347
777167
7358727
5238511
6609565
6460484
7256863
106464
5415817
2849066
3449523
7541101
6538930
194807
6937500
7151436
5850995
3259536
3037245
2167011
8894116
2588103
8834529
8675091
2181237
3914053
8329227
7900739
8383542
6883910
636352
3512826
4782822
9580182
6048649
8148624
3358698
8840972
3161034
8062101
7972610
3245960
2572385
7551689
9269660
4041285
9486120
2345016
1718767
4044745
6645636
3415597
9861922
2275361
2369303
879803
2551949
5491269
7833854
9391136
9865151
2690000
3840492
6694957
8124120
2857876
616521
9833687
3979677
5111642
7275709
957442
1241778
1806267
9597936
3158575
1901992
7652372
856157
55410
5903582
1360021
887812
5668332
1646335
269835
7607366
6964941
7715689
4269655
3254441
1599957
7717032
3003575
8789828
5908241
4489480
447978
5558347
1064128
873020
8356885
4601644
5161432
5421771
7935202
9905160
2841197
7064145
6597528
6937507
5237192
2698896
4169820
3817779
5691685
4318567
5776479
1321719
9318053
1826165
6397291
5362934
8707588
7422031
8459670
7199133
1391147
345000
4318951
8498214
3111755
2191760
9306825
639348
1949829
8362386
5239800
2973520
1984164
1220358
8967673
4959558
5856243
5640704
9638731
6811980
1111837
1685338
5368306
3222736
6041634
1432578
676619
7411302
2391261
402341
2862994
1880763
5694759
8763417
838645
4234250
3824952
6151533
6639894
9219510
4878761
1199963
4169832
3092622
4857748
128242
2067979
9808618
8802543
7293222
5345675
7887283
5801970
56469
8320731
2296198
5902466
3135392
8935709
7912828
5711555
5710499
1169566
3590386
17810
1191245
291492
4341763
4281591
7729051
6515475
7685655
826718
1533409
9399206
6560338
3519407
4701397
495005
8891858
4350885
9951925
3844028
325003
6589849
9988811
5066785
6675546
928634
2894282
6096745
296268
53815
6954816
2043873
3177948
1037892
898465
7571546
2509354
2685204
5887581
1910780
8722904
5330738
8959225
676042
7224641
9819494
5580924
900412
9932663
9377632
7365206
3619620
4667937
351341
7096925
6918098
2940
1365938
678003
3141397
930521
7686109
8299464
9041935
8195126
6579408
8153418
8229286
7621247
4376166
5415227
5010194
6274604
5845422
1211179
421350
4481967
8559803
7037387
9453491
3023849
8622708
8696812
2950057
4710232
8288362
9874995
201709
9451585
3732682
981028
8141457
5355022
8929201
112034
2553790
8196593
7004500
5505730
4813908
8059283
4439029
5287091
8862552
3387589
3702129
8582980
2438177
7360414
6118638
6831022
4703014
865521
7495957
354641
1837483
3785140
6424240
4725947
7204156
269535
8102750
5850748
3602285
2351119
2224902
677392
4089723
2129804
6958000
9783367
937496
23985
8166247
7892690
6837213
4206961
5006076
3115246
2189821
8057923
508924
265846
4460561
4414274
7328543
4141235
2284009
5147018
877406
6109860
5668898
3362749
7952655
5090598
4434000
5164012
4069580
1874210
8464504
4067296
3567342
7122804
23627
9070031
3523922
8151714
6190513
7690292
4581161
2614339
2935292
686314
9631899
2681625
8153770
9797005
8708749
5938875
6455472
9779199
8012690
178624
3706055
341268
5257750
7520569
8361581
1175471
4076313
9052901
3361339
157322
8612407
7485869
33594
9447375
5034058
4898488
9900932
1990502
6076678
75211
8769057
3878919
9078956
3290843
2998359
157387
7325271
1231932
3087911
8077961
9821736
2758711
7765354
1036869
7059627
4892222
8920734
6014320
2720659
8382138
2679487
6954130
7013577
9704676
4555394
4654897
5858868
9300728
2227958
2598841
7843665
1393720
2329187
9695448
7969161
1222850
1958705
9820780
355380
9326426
9500492
5887142
2109750
1035936
5533486
6956291
6287385
6970730
9805102
2220050
5678447
7474651
413027
5140528
2714925
7494852
4455687
3550606
4384067
9918227
6685515
8961386
757990
452818
7640768
9798693
2860341
8239863
9478276
1189246
7885695
5679982
3710012
1508234
7251899
4679379
3763646
5060228
531449
184898
8772369
3240295
4286051
517357
2096183
9772145
3835286
3034455
3651632
4467378
8543012
6602744
3837853
1916498
5988521
9456682
4145812
5339553
3616320
9592638
2877821
2507502
9803322
9981876
9783003
7122703
5480486
9335407
2261480
8648718
2816919
6058937
6535473
7281455
3233933
5052103
9043202
9394509
2116454
3933867
7712671
321981
7455849
3187303
8803743
682959
1919194
8367835
9539767
8299923
5254395
9911589
5611201
6524336
6719296
7676540
6699805
8996141
1861465
6986140
8799730
4681890
7385928
2708349
9328742
3662983
5943342
3506362
3011434
5917151
819225
4489119
6502487
9215655
4577521
5780410
2801791
5648670
8815310
7175305
1158252
1357302
4578824
7194512
1049495
8921063
5549393
6240018
4837040
9229689
4451068
4218632
6717297
9194760
1554369
2931007
5536816
488264
5747709
5201445
4458529
2243318
8906588
6358852
8336460
9655780
833980
9210149
6482442
8530963
6719979
6824979
8548775
2209127
9379258
236166
2918993
9053045
4773267
4308209
1275349
5901444
4391873
3018488
1537361
4026630
7005918
2955249
4541166
9300133
6221769
2279307
3468455
1508461
4236169
3517785
1969207
9886149
4414680
9224239
5679781
3179201
4214375
177493
1700142
5844841
4124947
9700107
9444105
1242319
1883941
1461020
7253488
9070685
2063531
904779
6097232
3068936
5956997
7315227
7768568
2007574
6876801
8761691
5221798
7069087
4581653
4932519
9571678
3502297
2602935
4016372
2669584
1273062
7877793
5733507
8082227
1126047
8435538
5370045
7084670
3536596
8740694
3380384
5739375
6277215
1129512
4957623
818634
6196623
7568634
7410193
5251062
8184938
7871819
4955700
3585850
4794803
2411244
6768555
4016040
2589579
8575027
5884769
3683276
4800260
7723876
1028173
7787911
6429931
7923404
3741843
7013343
4264234
5725697
4459767
2046641
9772079
1830383
7290157
9970145
4048680
6857962
718753
7922543
7046739
4200594
6572758
7007110
8248927
2645040
135776
774391
6372986
725888
7857691
3937477
1399583
1502815
3187169
4181900
2853988
3346267
3091514
8632048
8032126
4514064
775241
7904911
9666484
2106390
7200923
3873553
312669
4042004
9458461
6073119
8493047
9175930
2315296
6471406
9825774
6942040
8498867
5923304
7717551
3791456
423486
1194115
3003607
2276497
9444590
2750819
1519576
8342397
9515165
7560743
7228347
446264
1853767
2905897
1696049
4920396
1550469
6804804
8359613
2970654
532581
7233748
1579832
5776558
124289
1900528
1045372
10698
3146999
7323335
6338112
9573075
6353692
4602195
7789490
6509276
8768330
772402
3247096
5298818
2362584
7972917
4517646
999328
3114240
9333783
9428170
4569378
117505
570902
7792373
2969729
870739
4003441
9889006
7240621
6259834
924540
3594936
6275468
2990606
3549017
5868199
9050908
271763
4739175
55909
4448683
1968498
3880725
830543
5738482
5331317
3004718
6496445
3040393
2546349
444186
5490115
8463130
7871435
1966981
7319860
1238075
3447295
9799369
9955074
4770958
7421554
5265597
1010916
5048124
8017549
6749822
3221061
7905120
7786137
3645700
9619834
9787427
2015277
3431942
7243399
3030111
1454201
6128738
4836532
8681197
6047471
5422572
4961715
502773
7960381
8755173
7371539
187601
2407170
6674529
8363806
7874533
4437243
6956097
6532061
3957963
9996648
2764010
5832647
8046822
112449
2913542
2297439
3012966
7687676
8545800
8038417
4738780
519218
4897573
9128774
550891
4717151
5341232
7475356
6489288
4027491
9203947
6413411
9406706
3575518
9608020
9139237
6568191
975736
1036956
1614365
7103105
9461217
2235957
1302962
1192525
727974
4275920
1197135
3028969
7125633
1688466
1744786
5370047
511415
4959616
3795709
5849282
5513657
9811096
1901051
3710872
6134342
316362
5747075
6229247
9523712
9899952
9094524
6499493
999079
9609343
6428115
8759733
7699589
8267155
5170888
1964993
849730
9627219
3810525
907279
1065957
292788
2283776
8381705
3402188
8684229
1980142
47642
158543
7644236
2312759
1860699
9860621
4999381
8547989
2819576
7351742
5288108
3758237
24031
2905632
8178748
4240245
6721593
4804915
9134871
5219054
4968339
6955389
9197032
6236222
1465810
5897551
7169753
3937657
9179620
6511700
5056070
2474821
8529363
9526921
8174559
857789
6820086
7863300
9822644
9247048
1602744
2695738
314538
4671537
9134703
4856481
1313654
3341936
7949403
2554177
1461372
2116035
7013845
5101361
4655057
3386528
7111949
2282941
4152926
5144547
1972884
8207433
937860
1932150
7603716
7315730
6474681
9449907
6664388
1108287
3397006
728984
6390269
4090488
74373
4413642
4782813
7499538
1216193
2348993
6448667
4310026
4504577
6243584
4307925
5911301
1704465
8585454
9425323
4596461
1237327
5532435
6029550
7118168
7613266
7887615
9367386
1841999
1498144
257724
7964617
8390129
1952661
2846907
4722643
7653032
1539191
3563658
1220453
6916775
5585397
951826
981949
5722494
4467167
2093908
1943332
3070075
6150583
694681
7751921
7854896
4934123
5832252
3983137
3849374
7919719
5834710
7159759
1704675
21606
8293719
738448
9844658
4494063
6332660
4252602
7616270
9862637
4233732
3664048
632084
9113431
6650050
7940970
4289051
5074491
2616281
7972391
5425419
3825280
1591968
1770136
2282471
6379224
5791994
5475727
1340693
2237020
6070267
8494831
3263873
310937
1397411
4619564
8561665
4237737
1080695
5299526
9194363
2478125
8093452
5113941
6616068
4799876
3345010
271760
2191834
794202
7199053
4694577
306597
6881516
1913851
8489013
9133829
7026329
1950919
5100114
9274614
1944010
9802657
2002040
9158897
2756834
6332863
7409209
1080695
894549
2833096
7109307
6502353
6002447
6414944
6248741
2262804
5270012
4730397
2336573
5224655
1935447
5020441
9885895
2955433
1735128
3300334
9887299
9569213
1995057
9659899
3227410
4685831
4912621
5596585
9593835
9793426
3296637
987242
580228
3163939
698198
8385231
1914089
6267258
8880365
1932710
9879853
2754896
1710983
2324910
8515605
4301663
1525804
6138683
3517509
7356241
1759665
8391709
4900016
1398158
2041296
510005
1574460
9280211
5367098
510935
926315
858175
8446316
9058722
6552003
4678090
4344344
1110945
5837403
9312538
6674906
8577112
7305047
7701065
9614340
1704700
4397585
7128968
5448066
4196192
271703
8063784
609148
7681952
1997028
5101310
4876374
2352010
2789000
4527610
1555122
7635628
3905646
8196749
3403583
7253233
8095677
8683098
5456665
6068564
5438327
65797
7174540
35243
2988687
8823859
3261163
3542175
5627556
5061020
9934527
8094430
6991079
3842355
3859667
8561623
6754628
9010876
6082896
1922977
2344467
4059355
6924159
2432559
1277984
9750252
5570002
905906
2502290
9048770
8809595
6209375
5963579
559551
427173
7676461
3423037
8859210
314042
7910956
4668320
1853502
1712326
7157360
6846767
337548
4775837
6406851
3998490
831015
4633632
9721308
4717976
9747261
7321662
7251060
3775519
9140446
7980535
5410000
3804074
9287047
9113623
1674325
8067476
5622257
7547109
4978204
7839478
4026756
1305940
2963240
1570983
2598882
8325271
3837596
1319457
9825465
1684649
6865241
2954280
433020
8127350
5703105
3266614
495382
7347174
4913705
9983282
3749769
862361
2065807
2795209
8154364
2081371
1992452
5841445
2925607
1061241
4430078
1503010
8476405
5476188
8809418
1104312
244412
9544510
7766992
320045
6712138
6734208
2520795
4050229
7338221
9018516
4556282
7778509
3497031
1424501
2094280
4628711
172819
7286601
3465757
6241993
8557118
4166057
3637046
7969301
805360
481201
3725291
7888021
9324587
1158221
7729178
5728222
6139098
3226148
3654394
4537505
4627102
4272149
3739975
5048912
7967864
9242155
3795000
7215138
8532278
7212879
3274558
5702578
4491838
6227897
1231075
8864474
2312514
753251
220483
8269421
4303305
4629781
7837404
3066789
7317044
5019686
3833463
7595671
4476854
1228049
2388746
3213306
6577955
8177120
8164177
5562384
978379
7222825
2384030
1159989
1465088
3548526
9829805
3319092
3889742
1252065
4317630
7955256
2251695
8086401
8408765
5729981
1297361
8185834
6014412
4721960
2768091
3840282
1028893
1980993
1272266
9689137
6536235
728804
5624627
7942103
899200
8812489
9058953
2684831
4735098
5229919
6052090
5104541
9733882
2883202
1334236
2347977
5151713
8660362
8824195
2302675
1903101
8272529
4711493
5645879
6850633
8949916
3177527
9203228
159930
1754363
9801305
9718252
143512
3920558
6722371
7942091
430046
777090
959808
4720732
606592
4847046
9777468
7655906
6760936
285100
2126380
76449
1942750
4353508
4644461
1799565
2477748
9794163
8119423
2027792
8936625
438599
875509
4268425
438356
4171981
1560158
7787167
1356589
4335628
9471658
5626631
4513822
731809
6526799
4864354
6748496
1062908
1800207
4503767
5815377
1178761
2684545
6588184
1618908
2823313
1737467
4925373
3175541
6288960
3812883
4102384
5865692
7620253
9515138
8641604
2619031
5045999
8914651
3658340
7268912
8884891
1617041
6178403
5232744
7396659
2882468
7834047
195905
3787318
3523616
4925286
8734748
935454
3517721
1917701
8247548
335535
4766329
2768432
8359944
2540582
3033105
2735104
5244342
4579196
5213932
4781595
3219048
744173
5519708
2065694
5265054
9056012
3992097
470010
6888477
2611118
157309
1137272
1857717
4116851
6993050
8756027
7738436
7579749
1834275
5554250
9353070
100082
284897
6759943
8314861
3049773
2286221
5263488
1691330
4866744
817864
9815109
7790993
6799512
6178957
3065195
9126806
2850474
9185451
2837595
7031160
2257902
3026122
7573238
1016467
8937815
3086214
1324826
3509055
4156751
583005
4331749
7758563
1042946
9848604
9961522
7714987
9584026
3816052
5744133
4364356
7517007
2696577
8244857
6565254
1760338
27636
5309126
5087907
340977
4465143
132873
6377595
8605621
2698259
2918714
9913776
1043718
1245942
713953
8736691
3880747
5342821
6064216
8217124
635426
3441311
4868318
8662728
170152
375695
5329044
8076174
5446588
1004674
6555663
2978385
2251801
4378523
8074390
8613106
1565524
8715014
7882405
4722946
5774460
1633914
6291244
3363337
7092477
3541740
3753838
4473081
9465393
7271505
9488520
6201090
4628571
1931249
2222482
6159202
6815718
1714676
9255902
7532676
9039255
9016238
5986026
3017632
2802733
3685657
6196969
5723046
3843159
5154392
972233
3636868
5987634
9441235
2822576
786850
9932696
9216010
497638
4073744
1632329
1040532
8483638
6023306
3929351
4110934
2672944
2751644
5016648
8224876
6187055
1025618
6387814
8189880
6021433
7538489
4339848
8488294
5621125
855065
1684815
5717220
1563864
9918506
2152500
916494
879618
6840789
8504478
1246998
7076551
2822018
160974
6841769
761158
1442777
6840191
7980871
4467113
4267262
8589304
5258951
4747050
2287059
4751812
3267594
1504588
9136708
4619937
5151284
7526976
5887770
6442026
3329229
8198476
7092431
9258991
5592676
5975797
1784907
700825
2683941
5116343
6125865
2885717
5892990
7737691
4154722
3102661
9504330
6636249
9424540
5523766
6794168
4352397
1308649
3037518
7642100
3287163
2319982
1677908
8274309
5737779
27418
661985
3310002
2351297
1133598
8946760
4113220
6916943
6513160
4803348
8887257
3733490
7674852
100493
8761534
2522665
7787028
5451456
2373413
9694943
623500
8585803
7832924
7623548
1628430
4218370
6851691
471325
2278924
2284587
338967
6266799
1060561
5060595
2762807
7879037
1360958
7270092
742588
8913798
8830004
7914167
9102503
9174418
6421672
8918057
5688911
8417878
7379740
7338949
2786533
1557185
482058
9715277
3411653
1057825
5366359
4464520
3061930
9991734
7679248
2392164
7112059
3571766
1989788
4196498
5518473
1778726
8596545
7880235
4969324
48782
3532287
9171890
5043700
3064730
5740633
5327279
2187722
1536267
988281
4694393
644480
5793961
5417097
1960143
834131
242640
8267822
5408713
4790617
8732569
7172644
8754705
7571800
2122480
9595437
7806497
8295226
2130584
9419764
8672200
7380184
2537155
3583687
9112779
1235766
4830945
1171578
4553933
2281981
7015250
2159190
7911312
2700215
8414579
5835269
2173302
8038999
6417131
8519691
2190591
1740993
6608786
3195781
4940005
4087378
8244517
2942478
7374950
975941
3835109
7232937
3614852
3361198
5698896
7226991
1100886
9294332
5830533
5857812
4631502
5389315
7420622
8349915
2587245
8133065
2038987
6384472
1157018
4569874
5249988
6053102
6204142
2115278
7712855
8138170
1229528
90391
5009979
6153412
6333007
3816778
6776675
1457265
4961777
2233850
1339795
6799329
5524566
3815381
4303514
7653069
9963066
5149651
4451195
7620213
3087310
7346999
3132275
9809821
8708681
4471946
1608231
4185747
2224126
8871150
4359016
695971
5398072
9134973
3467681
9372098
3933632
5543482
2832676
6662474
4062605
1707777
387758
5836024
1884003
1720949
7520166
8767050
6664125
7746012
5750135
7425562
5106929
495277
1090534
6578591
1191436
1945958
2210761
7213993
1558223
5007241
4888423
4103876
906399
9586361
7089143
8615184
8682968
5657347
6201743
3274513
4770087
4077972
8033398
7459440
1070061
6477556
9503575
9690843
9569788
5775208
1257581
4568834
8832547
8150760
5522732
1581542
357549
4261227
5832604
337435
6944286
1240772
9900830
4774697
7706182
9724059
3161244
947431
9581735
5647804
5953302
5827822
5151818
8494103
1704699
6814991
9880434
5699455
4660467
8614208
2168696
2925466
1120785
9347444
2917479
9941842
1330130
8143559
6456762
1934861
422065
5293849
4774338
8476055
8348406
2634143
2266347
2584127
4246250
5806049
7129790
2504065
581263
409820
6569406
92239
549100
7772323
8992310
5034384
5173924
882796
2715063
2528546
6848572
6838589
5612308
4327342
3703541
630881
8710844
6297455
2123090
5010562
8007277
7789304
3315463
5416275
131037
7251284
4070330
1994072
3641158
5440193
1118261
3541003
1639241
9927958
3200272
4129977
9690347
5212035
525071
5339969
6449935
3156461
1517796
3637674
1499892
6710901
5300617
5950843
7705144
1360713
219336
6058540
8660779
7597159
2195257
4103586
5559654
4532416
8206196
3458959
2985610
2350908
5168224
1950949
5859287
8638493
4636372
1897886
2698501
4554924
2940341
7201918
9629917
387800
8299031
72873
4681843
7751813
658386
9927841
2912575
9193908
2504235
6485541
6136509
6590890
7348194
1531098
6920638
6057764
7151699
9717692
3936331
5145763
6564234
2571384
1335248
1528423
4767262
928344
4553068
8439306
384870
7646317
2791029
828896
7313821
7355973
8472116
4464293
9481791
228523
6213651
2428740
2852165
6956623
5580609
7859850
4285686
6618701
4603339
5719700
7489750
2189086
4707406
9102024
1140995
961483
8499918
1805723
7727160
8365742
3574186
9945997
5496979
775199
3632710
859097
4002478
1669146
2047675
5073979
6885982
9779022
3420043
7507424
3285175
5494159
3437744
6189892
8993942
7506544
6751981
1885891
3025867
731231
6891779
6863389
4098711
8094716
1685191
2731931
719341
4578886
8325248
2116632
6663076
2025062
2500320
2639581
2398775
4562514
9553056
707710
2896925
4065119
6261026
4895838
6090651
4503603
5666206
3759654
1383129
1941390
2266062
7324831
239297
370066
6702316
1613021
5273450
5999748
9006164
9125480
7150516
7839409
8692203
829780
8671719
6888503
3824132
8869354
8586280
8121003
694772
4558758
3784423
9327265
391960
3449150
4747456
9235286
7754417
2539343
5566055
1434243
5496073
5685086
6653259
7261390
3764897
983437
2362178
5422851
8481077
8506256
766378
2868784
9471229
1807467
8008320
7819551
2040044
6520762
2765272
1400270
2638780
3116294
1442713
7330746
3206058
179886
1804198
3302154
5892496
239744
7949629
9709550
785974
846686
4263429
6789787
8541547
7931910
2587656
6465539
1104416
3597378
3012079
9343914
292454
4046341
4479870
2107010
3383964
3546940
6945139
1475151
4037718
1976066
6929041
5937998
7036829
6141109
826642
7735791
3391058
46336
6545552
2792740
3625885
1920207
8946980
5297261
9044550
5018129
5877701
9603001
4771227
7736564
1544638
3124872
4052704
8338427
6241540
7940827
3499963
6779842
2834684
9030693
3985046
2296831
3980510
3571984
4114875
196327
2910056
3258288
5181645
2552511
3840182
3257621
8262801
8537466
6704504
926714
5080260
9663466
1008511
3304041
1268947
9565640
7529411
2578692
6488368
7530282
846421
6846370
9250607
6449817
7653901
8793982
7405553
8552516
1762722
6460297
6222535
9074033
2059843
8243746
7381957
8425531
1034818
7609682
3451103
8578721
1936002
1486604
3557342
6102635
8284073
1826163
641146
2294385
2179651
1086874
2686932
6992771
5421750
9120486
370554
495735
3586955
660593
321919
929449
1839586
3308311
8124015
5431131
385160
2531112
955668
5098978
4568450
1054106
7700636
4816542
7997745
2513593
6361181
7150824
3698309
2255467
961829
8686427
1318253
5401474
6905113
9250031
3357190
3232500
4967538
3543550
4916125
4804312
8863762
4458248
4877191
5807146
7297861
1283521
26666
2746137
6560606
4402107
6822947
5775162
6145732
9986836
4828718
5925218
1011007
4034819
6220555
5862161
9763881
6409921
7238132
8629411
3493722
8902045
82962
6528321
968518
1081155
6851291
6106772
9848773
6705246
3713558
7888050
1705724
3101139
2607586
1336478
506006
5270976
2002973
4866301
5159016
7082061
6158729
9793326
3125298
3430243
9025805
8596442
4880126
8888450
6244211
9814568
2210770
8482948
7585987
8400646
1132829
2383699
6968216
2562063
6293904
1085869
3322433
3375273
6721109
7446650
7281333
4707991
2405566
139518
9947560
8837142
9826064
1241344
5962986
6030802
6776399
1123429
7454382
8663138
6316603
252921
3482639
685338
7651274
1937989
8225841
9472073
2366293
5585035
5710888
8073346
8405655
682547
9543503
9762864
7551739
7151421
5664922
1186262
1613120
3870992
5594900
5684912
6081841
5882256
8902574
2895015
5224147
6300858
2047425
7467636
3141047
8050128
483670
7926634
1996305
1598769
9891774
924952
1613867
2780740
7307383
1224807
9026531
7304013
9441181
9220024
658515
3951372
2292821
1699265
8985603
2532538
7843614
3421280
1987411
6864196
6761947
5638749
7937604
6422483
2349439
8917433
6488387
8886451
8303643
8770110
1441408
7498758
1464328
2660446
7515295
1198555
4506895
162293
5635274
6742999
7485184
862533
8609189
6164889
5506687
3984135
9611080
2664547
2618739
9593484
3441645
6533930
7843234
8553548
7326570
9505564
1959043
6672056
3632459
1454821
3014140
4766033
8814178
6055044
8235054
5798611
4832178
9571211
9820900
6600943
8688342
5605494
945199
7332592
3384836
1023947
3150701
7011374
1717718
2195282
5202924
8123265
9445697
5363710
382550
8514371
2242734
9859011
7418308
166644
6007141
5240389
9286933
2104444
279075
6371443
9096446
6460069
4321838
867486
1750304
133350
8484215
9233006
7743904
3307546
5425972
7247213
2202025
7554235
8813656
713516
2069860
4241286
1921599
7570985
4617528
2290262
446006
4546241
4614757
2929886
1639890
1378591
3806291
5274446
9945425
7726159
5855235
6867606
9359876
5852796
8273824
6204933
4812125
3119005
2554304
7667001
3603159
6343355
5768348
9471362
9160511
948495
4227021
5045538
9179427
1804581
2751430
1454901
6155920
5796512
371375
1917991
4586021
1200169
338109
4288453
5218889
5159916
8052204
4298242
6437823
1555048
9008385
5691322
6324367
5879617
2255852
5923782
5043869
3846238
5455400
6657534
4700773
3007065
9865982
2467374
1873876
7484198
9781280
7436224
5862692
7031582
4979183
6368808
1685666
2748094
3885271
6758709
4808918
9842104
4248848
142020
3637750
6006053
120598
6094109
712285
3476884
4553658
3250191
6163950
6814160
3945765
6713521
6432585
2029163
8865208
3356345
2279019
8745082
4467042
7069902
7822358
929247
2848356
6197911
5378672
1870204
9496921
1279144
1795903
1239887
8804117
5106704
6063302
5455539
515589
9529620
9069913
9995249
1516870
7838888
5925766
2354192
3884559
6863553
5346815
3507925
1858251
9438624
1955924
2239010
4210877
1669122
7472764
2215786
3449481
8278419
8643677
2776942
5967651
759695
8743105
4429849
5298341
9112478
6788761
7283163
2959280
2440538
4822940
243998
6556451
2710261
2585715
410930
9689438
8777404
740364
9883061
7215332
1443479
5778709
3792254
4464719
9417520
7947761
8137710
3501358
103770
6316569
1367275
8859378
8139057
8196806
7332441
8341597
5516414
9712394
8915293
4587566
3995643
5324777
664705
2215565
4713498
2231904
7703108
7888616
1964228
8589797
3352324
4911773
2396878
3775761
3272225
2908987
812241
9074588
7584575
377500
4121014
5975035
2547455
2030654
8991094
6160664
1394165
1138180
2479178
3053874
313062
1555329
4271835
1311597
1839833
7550077
8402351
2660010
5034969
1982186
6760949
8573352
3850307
7755749
5304249
7539796
4920260
832554
5419293
1275756
977240
4116092
493367
3289245
3262304
8147598
2124580
332895
9602552
8443386
2957683
3288252
341992
8158032
4568049
3555331
7473188
4763297
5008874
9276710
4130693
2676345
5616256
6408117
8574703
8417690
3167223
9738399
5122617
6685225
9140623
1906356
6613709
7233035
6754004
6499909
2019830
7082291
6775361
3764621
3235904
9474434
2999734
9668744
9265836
8877914
8275963
6763003
5614826
5726887
869580
4397295
1655452
8514635
43702
3072654
1806901
6015330
7685487
2223171
8143510
267215
6037178
6270731
7410154
9681757
6331609
6452691
7179982
3072287
9131849
3118949
8040542
515902
9422002
7438027
7276967
4889445
9957559
5524516
7806350
3656731
667412
6235371
207987
6087633
722128
1412408
208098
4222136
7249826
9251334
2257096
3387855
3615458
5477934
6888995
2318307
7911653
2660341
1215574
4208505
3298610
3606755
723475
4795404
7243966
3684456
1231000
7017579
9940119
535958
6784301
1747019
1812836
1601777
8715603
7555563
97783
1945934
5376444
9504325
7782187
3757970
4274773
4538659
1008861
3992110
5517110
1060910
3599076
2001202
916225
3198127
3826759
7930366
3015077
7435008
2243910
8040656
3857244
6664390
524080
7171084
521723
1084454
5852598
8304603
7507595
3720727
7363434
7666297
243971
2518775
6556052
4744035
1625167
4472344
4679631
6647890
4034875
286522
168350
6090692
7250070
1156933
7187637
3844028
7278791
717362
5691511
3968926
9821412
1163388
949633
3267304
7665246
3333866
9098463
3970485
6121420
1480907
5187610
2673224
947238
7861686
2398012
5828350
5228213
8969930
7312686
615373
4796706
1154595
2603418
6567645
3023822
2293207
6893748
8325588
675140
7181686
9697024
4724607
2192872
7315255
5907709
1144470
1061959
3106076
3577416
1174961
2870193
9926139
8692135
4179401
6153412
4647422
512807
8988823
7001648
9588560
173625
6579161
7062057
9447919
5642854
962552
6964135
5098321
9390538
8364171
4325639
7149646
9602123
8403724
7183452
7247896
6880900
5168918
4273684
2527388
3414610
6435270
4040127
4887219
1844802
1969825
3690865
4582261
1542391
8821378
7062874
565319
6055241
1648223
60178
5812811
299168
7370428
6794720
8725109
6285205
8940821
8643123
8444548
8193428
2853706
8068517
1538119
3621515
3156743
3142690
3035435
662823
6111184
9807182
689455
9644458
1244393
6381408
7764806
3719826
4590306
9821907
4653012
3046549
498573
2457178
2746525
2495253
7854007
5836380
591657
3361156
2358852
4830312
7309333
1413729
2033246
5069656
2569845
5246054
107524
4048449
6551163
5670897
7043757
9621036
2350285
4281709
1346668
5140422
1049819
6359288
134524
7992011
8263935
7401163
3009525
8747333
3965255
4694710
4489576
519316
4341502
3201513
3544341
426167
2741727
471526
6560601
8511701
176698
5313992
4162119
1145548
274560
6331353
7655841
9884305
755752
8781578
9105084
4508903
1290707
7223494
6741074
1715423
210494
1707086
165135
3935275
2112872
8309517
927796
4201654
5495
5059727
3021114
476135
3122304
1459685
1264440
6900333
8413686
7862014
5850184
6587035
1258599
6002036
8238738
2927190
2862890
668972
2138247
4952518
687662
8559430
4864534
988610
5264443
9861006
704550
8474917
9976736
9228713
1491010
8638906
7696888
6823300
1721278
4871105
895716
2715238
4123685
3622728
8780410
5483245
6049186
9271587
2259674
6566251
540426
3306713
5663652
8483642
1139141
4961986
8613422
2813417
7189190
3184724
874024
7748783
7471161
9896771
5388649
9025937
9721677
523393
4254507
5061511
7099894
9557443
7067166
4629459
5786131
7606543
2610117
6765321
8676540
7644181
6668278
3823381
8092819
6314251
5897613
