2940
5495
10698
17810
21606
23218
23627
23985
24031
26666
27418
27636
28210
33594
35243
35647
38584
43702
46336
47642
48383
48782
53815
55410
55909
56469
60178
63377
64396
65797
68116
70790
70909
72873
74373
75211
76449
78792
81947
82962
90391
90980
92239
95466
97783
100082
100493
102772
103770
106464
107524
112034
112449
117505
118297
120359
120598
122438
124289
125425
127333
128242
129472
131037
131656
132873
133350
134524
134748
135776
139518
142020
143512
146851
149378
157309
157322
157387
158543
159930
160974
161407
162293
165135
166644
166871
168350
170152
170629
172819
173141
173625
176558
176698
177030
177493
178624
179886
180322
184898
187601
193853
194807
195905
196327
201709
207201
207987
208098
210494
217429
219336
220483
221197
223842
226666
228523
236166
239297
239744
242201
242640
243971
243998
244204
244412
252305
252921
257724
257866
258318
259670
265846
267215
269535
269835
271703
271760
271763
274560
275733
279075
284897
285100
286522
291492
291728
292454
292788
295660
296268
299168
306597
310937
311045
312669
313062
314042
314538
316362
320045
320088
321919
321981
323667
325003
329898
332895
332956
334713
335080
335535
337435
337548
338109
338967
340977
341268
341992
345000
350366
351341
354641
355380
357549
370066
370554
371375
372620
374310
375695
377500
380872
381366
382550
384870
385160
387758
387800
391957
391960
396525
396832
400305
402341
404026
409820
410930
413027
414228
414384
421350
421991
422065
423486
424459
424607
426167
427173
430046
433020
437984
438356
438599
444186
446006
446264
447978
452818
465877
467603
468179
470010
471325
471526
476135
478249
481201
482058
483670
488264
491984
493367
495005
495277
495382
495735
497638
497654
498305
498573
502773
502964
503120
504319
506006
506864
508195
508924
510005
510935
510959
511415
512662
512807
515589
515902
517357
519218
519316
519457
521723
523393
524080
525071
526570
527418
531449
532581
533211
535958
540426
542334
544534
545250
549100
550891
559551
560796
565264
565283
565319
570902
572386
579270
580228
581263
583005
585838
591657
594334
604825
605348
606592
609148
610738
611269
611875
615373
616521
622719
623500
623530
626226
627231
628342
628465
630881
632084
632730
635192
635426
636352
639348
641146
644480
646706
651839
655639
658386
658515
659854
660593
660773
661166
661985
662823
664705
667412
668106
668972
672935
673255
675140
675268
676042
676619
677392
678003
682547
682959
685338
686314
687662
687841
688690
689455
694681
694772
695971
696103
698198
700825
704550
707710
708851
711900
712285
713516
713953
717362
718256
718753
719341
721351
722128
723475
725888
727271
727974
728804
728984
729011
729324
731231
731809
732123
738251
738448
740364
742588
744173
752258
753251
754411
755752
757063
757990
759695
761158
764789
765215
765403
766378
767907
770417
772402
774284
774391
775199
775241
776707
777090
777167
785974
786850
788289
794202
805360
812236
812241
816153
817864
818369
818545
818634
819225
821784
822445
826642
826718
828896
829780
830543
831015
832554
833980
834131
838645
846421
846686
849730
855065
855643
856157
857789
858175
859097
859230
861424
862361
862533
865100
865521
866988
867486
869096
869486
869580
869811
870739
873020
873838
874024
875509
875743
877406
878425
879618
879803
881005
882580
882796
887812
888626
889609
894549
895716
898465
899200
900412
901115
904779
905906
906399
907279
912252
916225
916494
919086
924540
924952
926315
926714
927796
928344
928634
929247
929449
930521
935454
937496
937767
937860
938632
945199
946085
947238
947431
947713
948495
949633
951826
955668
957442
959808
961483
961829
962552
968518
972233
975736
975941
977240
978379
981028
981316
981949
982333
983437
987242
988281
988610
989956
990140
999079
999328
1000055
1004674
1006433
1008511
1008861
1010916
1011007
1011768
1012708
1016467
1022666
1023947
1025618
1028173
1028893
1034818
1035936
1036869
1036956
1037892
1039661
1040532
1042946
1043718
1045372
1046707
1048002
1049495
1049819
1054106
1057825
1060561
1060910
1061241
1061959
1062908
1064128
1065957
1070061
1072089
1076951
1079051
1080431
1080695
1080695
1081155
1084454
1085869
1086874
1088244
1090534
1091581
1098455
1100886
1104312
1104416
1108287
1110945
1111837
1118261
1120785
1123429
1126047
1127249
1129512
1130978
1132829
1133598
1136313
1137272
1138180
1139141
1140995
1142893
1144470
1144596
1145548
1154595
1156933
1157018
1158221
1158252
1159989
1162518
1163388
1169566
1171578
1172194
1174961
1175471
1176237
1178761
1181166
1182338
1186262
1189246
1191245
1191436
1192525
1194115
1195869
1196261
1197135
1198555
1199963
1200169
1205303
1205430
1208402
1209678
1211179
1215574
1216193
1216332
1220358
1220453
1222850
1224807
1228049
1229528
1229855
1231000
1231075
1231270
1231932
1233582
1235766
1237141
1237327
1238075
1239555
1239887
1240772
1241344
1241778
1242319
1244393
1245942
1246998
1247027
1252065
1253882
1257581
1258599
1261691
1261910
1264440
1268947
1272266
1273062
1273914
1275349
1275756
1277984
1279144
1280419
1283521
1290707
1297361
1300494
1301453
1302962
1305940
1308649
1311597
1313654
1318253
1319457
1321719
1324826
1330130
1331232
1334236
1335248
1336478
1339795
1340693
1345908
1346668
1352504
1353667
1355334
1356589
1357302
1358595
1360021
1360713
1360958
1365938
1367275
1378591
1383129
1386830
1391147
1391844
1393720
1394165
1395031
1397411
1398158
1399583
1400270
1406267
1407493
1412408
1413729
1420623
1424501
1432578
1434243
1441408
1442713
1442777
1443479
1454201
1454821
1454901
1457265
1459685
1461020
1461372
1463977
1464328
1465088
1465621
1465810
1473739
1474322
1474510
1475151
1480907
1486604
1489733
1490675
1491010
1492692
1498144
1499892
1501546
1502815
1503010
1504588
1504675
1508234
1508461
1513501
1513896
1516870
1517796
1519576
1525804
1528423
1531098
1533409
1536267
1537361
1538119
1539191
1541627
1542391
1544174
1544638
1550469
1553878
1554369
1555048
1555122
1555202
1555329
1557185
1558223
1560158
1563864
1564180
1565524
1570983
1573406
1574460
1579832
1580797
1581347
1581542
1591968
1592693
1596783
1598149
1598769
1599957
1601539
1601777
1602744
1605437
1608231
1610284
1610846
1613021
1613120
1613867
1614365
1617041
1617526
1618908
1625167
1628430
1632329
1633914
1635856
1639241
1639477
1639890
1642180
1646335
1648223
1653904
1654303
1655452
1669122
1669146
1674325
1676600
1677486
1677908
1680812
1684649
1684815
1685191
1685338
1685666
1686481
1688466
1691330
1693018
1696049
1696270
1699265
1700142
1704465
1704675
1704699
1704700
1705724
1707086
1707777
1710983
1712326
1714676
1715423
1717718
1718767
1720376
1720856
1720949
1721278
1726968
1728285
1735128
1737467
1740993
1744786
1747019
1750304
1751246
1753339
1754363
1759363
1759665
1759872
1760338
1761872
1762722
1767631
1769133
1770136
1772566
1773594
1776299
1778726
1784907
1791254
1795903
1799565
1800207
1804198
1804581
1805204
1805723
1806267
1806901
1807467
1812836
1816105
1817902
1818528
1826163
1826165
1830383
1834275
1837145
1837483
1839586
1839833
1840498
1841999
1844802
1849999
1853502
1853767
1857717
1858251
1860202
1860699
1861465
1870204
1870974
1873876
1874210
1880763
1883941
1884003
1885891
1892949
1896471
1897886
1899167
1900528
1901051
1901992
1903101
1906356
1910780
1911651
1912477
1913851
1914089
1916498
1917701
1917991
1919194
1919950
1920207
1921599
1922977
1929137
1929366
1931249
1932019
1932150
1932710
1934723
1934861
1935447
1936002
1937989
1941390
1942750
1943332
1944010
1944619
1945934
1945958
1946161
1949829
1950919
1950949
1952594
1952661
1955924
1958705
1959043
1960143
1964228
1964993
1966251
1966981
1967961
1968498
1969123
1969207
1969825
1969961
1972884
1976066
1979239
1980142
1980993
1982186
1984164
1987411
1989557
1989788
1990502
1992452
1994072
1995057
1996305
1997028
1999513
1999719
2001053
2001202
2002040
2002973
2007574
2014252
2015277
2016415
2019830
2025062
2025460
2027792
2029163
2030654
2033246
2038219
2038987
2040044
2041296
2043873
2045027
2046641
2047425
2047675
2050279
2052866
2059843
2063531
2065694
2065807
2066479
2066502
2067198
2067979
2069860
2073182
2081371
2083564
2089114
2089229
2093908
2094280
2096183
2104444
2106390
2107010
2108678
2109750
2112872
2115278
2116035
2116454
2116632
2122480
2123090
2123927
2124580
2126380
2126499
2128043
2129804
2130584
2131262
2138247
2152500
2152571
2159190
2162167
2167011
2168696
2173302
2175521
2177913
2179651
2180219
2181237
2186524
2187722
2189086
2189821
2190591
2191377
2191760
2191834
2192872
2195257
2195282
2202025
2209127
2209300
2210761
2210770
2215565
2215786
2220050
2222482
2223171
2224126
2224902
2227958
2230552
2231904
2233850
2235764
2235957
2237020
2239010
2242734
2243318
2243910
2248043
2248343
2249117
2251695
2251801
2255465
2255467
2255852
2257096
2257902
2259347
2259674
2261480
2262804
2266062
2266347
2268141
2273934
2275361
2276497
2278924
2279019
2279307
2279740
2281981
2282471
2282941
2283162
2283776
2284009
2284587
2286221
2287059
2290262
2292821
2293207
2294385
2296198
2296831
2297439
2298216
2302675
2312514
2312759
2315296
2318307
2318841
2319257
2319982
2324910
2325152
2329187
2332648
2335097
2336573
2344467
2345016
2347977
2348993
2349439
2350285
2350908
2351119
2351297
2352010
2354192
2354216
2358852
2362178
2362584
2362814
2363243
2366293
2367888
2369074
2369303
2373413
2376062
2383699
2384030
2386434
2387592
2388746
2390340
2391261
2392164
2392260
2394184
2396878
2397409
2398012
2398150
2398775
2399410
2403627
2404114
2405566
2407170
2409090
2411244
2416586
2416893
2417733
2419874
2420510
2421745
2428740
2432559
2438177
2439736
2440538
2440651
2457002
2457178
2460998
2462207
2465824
2467374
2467908
2467966
2474821
2477748
2478125
2479178
2494406
2495253
2496052
2500320
2501521
2502290
2504065
2504235
2505778
2506144
2507502
2508239
2509354
2513593
2515335
2517259
2518775
2520795
2521552
2522665
2526738
2527388
2528546
2529745
2530695
2531112
2532538
2536810
2537155
2539343
2540483
2540582
2546349
2547455
2548527
2549598
2551841
2551949
2552073
2552511
2553790
2553839
2554177
2554304
2557094
2562063
2569845
2570187
2571384
2572385
2572843
2578692
2579337
2584127
2585715
2587245
2587656
2588103
2589579
2591120
2598841
2598882
2602935
2603418
2606358
2607586
2610117
2611118
2611767
2614339
2616281
2618739
2619031
2625044
2627617
2634143
2634379
2637685
2638780
2639033
2639581
2644186
2645040
2645312
2646917
2652960
2656375
2656706
2658915
2660010
2660341
2660380
2660446
2664547
2665359
2669584
2671124
2672944
2673224
2674309
2676345
2679487
2680493
2681625
2681994
2683941
2684545
2684831
2685204
2686932
2690000
2690037
2694254
2695738
2696577
2698259
2698501
2698896
2700215
2700847
2703094
2708349
2710261
2714925
2715063
2715238
2718093
2720659
2722260
2731931
2735104
2736771
2738319
2741687
2741727
2746137
2746525
2748094
2748473
2750819
2751430
2751644
2752906
2754017
2754896
2756834
2758711
2762807
2764010
2765272
2768091
2768432
2770101
2771140
2776942
2779981
2780740
2782615
2786533
2789000
2791029
2792740
2795209
2801791
2801881
2802733
2804720
2813417
2815188
2816262
2816919
2819576
2822018
2822576
2823313
2830711
2832676
2833096
2833178
2833873
2834641
2834684
2834895
2837595
2838056
2838969
2841197
2846907
2847433
2848356
2849066
2850474
2852165
2853706
2853988
2855994
2857876
2858391
2859866
2860341
2862890
2862994
2865752
2868784
2870193
2877821
2882468
2883202
2885717
2886623
2894282
2895015
2896925
2903295
2905632
2905897
2906370
2908987
2910056
2912575
2913542
2914580
2917479
2918714
2918993
2925466
2925607
2927190
2929886
2931007
2935292
2936543
2938192
2940341
2942478
2942940
2950057
2954280
2955249
2955433
2957683
2959280
2963240
2967007
2969729
2970654
2973520
2974719
2978385
2985610
2988687
2990606
2997479
2998359
2999202
2999734
3003575
3003607
3004718
3007065
3009525
3011434
3012079
3012966
3013841
3014140
3015077
3017527
3017632
3018488
3021114
3023822
3023849
3025867
3025953
3026082
3026122
3028969
3029701
3030111
3033105
3034455
3035435
3037245
3037518
3040393
3040662
3046549
3048088
3048646
3049773
3053874
3055046
3057243
3061930
3064730
3064776
3065195
3066789
3068936
3070075
3072287
3072654
3076583
3086214
3087310
3087911
3091514
3092622
3095915
3101139
3102661
3106076
3111755
3114240
3115246
3116294
3118949
3119005
3120759
3122304
3124872
3125298
3126331
3132275
3132339
3133132
3135392
3136738
3141004
3141047
3141397
3141542
3141781
3142690
3146999
3148924
3150701
3156461
3156743
3158575
3161034
3161244
3163939
3167223
3169200
3175541
3177527
3177948
3179201
3184724
3187169
3187303
3191306
3195781
3197545
3198127
3200272
3201513
3206058
3208620
3208814
3212861
3213306
3216521
3218359
3219048
3220365
3221061
3221225
3222054
3222736
3224778
3226148
3227410
3232500
3233933
3235904
3240295
3245960
3247096
3250191
3251511
3254441
3257621
3258288
3258763
3259536
3259786
3259981
3261163
3261378
3262304
3262378
3263873
3264272
3265948
3266614
3266857
3267304
3267594
3267858
3272225
3274513
3274558
3275110
3276496
3285175
3287163
3288252
3289245
3290843
3294951
3296196
3296637
3298610
3300334
3300685
3302154
3304041
3306713
3306869
3307546
3308311
3310002
3310792
3312383
3315463
3318110
3319092
3322433
3325930
3329229
3333866
3334998
3337252
3339591
3341180
3341936
3345010
3346267
3348698
3352324
3355036
3356170
3356345
3357190
3358698
3361156
3361198
3361339
3362043
3362749
3363337
3369562
3375273
3378180
3380384
3383964
3384619
3384836
3386528
3387589
3387855
3389899
3391058
3397006
3399718
3400018
3401432
3402188
3403583
3409640
3411653
3411882
3413232
3413983
3414610
3415597
3416639
3416676
3420043
3421280
3423037
3423264
3423967
3426314
3430243
3431942
3434759
3437744
3441311
3441645
3443180
3445491
3447295
3449150
3449481
3449523
3451103
3458959
3460480
3465757
3466106
3467681
3468455
3476884
3482639
3493722
3497031
3497790
3499963
3501358
3502297
3506362
3507925
3509055
3511908
3512826
3514828
3517509
3517721
3517777
3517785
3518627
3519407
3523616
3523922
3526297
3527230
3531885
3532287
3536233
3536596
3537871
3538552
3541003
3541535
3541740
3542175
3543550
3544341
3545841
3546234
3546940
3548526
3549017
3550606
3555254
3555331
3556231
3557342
3558326
3558592
3563658
3567342
3567738
3571707
3571766
3571984
3574186
3575518
3577416
3577592
3583687
3585850
3586955
3590386
3594936
3595696
3597378
3599076
3602285
3603159
3603375
3604036
3605189
3605418
3605700
3606755
3614852
3615458
3616320
3618373
3619620
3621515
3622728
3625885
3628329
3632459
3632710
3636868
3637046
3637674
3637750
3641158
3645700
3649027
3651632
3652075
3654394
3656731
3657021
3657553
3658340
3658755
3661455
3662983
3664048
3664853
3666253
3676552
3679645
3683276
3684065
3684456
3684543
3684729
3685657
3688516
3690865
3698309
3701735
3702129
3703541
3706055
3710012
3710872
3713558
3719826
3720727
3723686
3725291
3732682
3733490
3738239
3739975
3741843
3742995
3749080
3749491
3749769
3753838
3754047
3757970
3758237
3759654
3763646
3764621
3764897
3768211
3775519
3775761
3784423
3785140
3787318
3791456
3792254
3795000
3795709
3804074
3806291
3810525
3812883
3815381
3816052
3816778
3817779
3822236
3823381
3824132
3824952
3825280
3826759
3833463
3835109
3835286
3837596
3837853
3840182
3840282
3840492
3841926
3842355
3843159
3844028
3844028
3844351
3846238
3847060
3847177
3849374
3850307
3857244
3857336
3859667
3868220
3870992
3872047
3872374
3872589
3873553
3878919
3880725
3880747
3882249
3884559
3885271
3889742
3891033
3891639
3893091
3896214
3905646
3914053
3914590
3915778
3918117
3919771
3920558
3921754
3929351
3933632
3933867
3935275
3936331
3937477
3937657
3941160
3945765
3950301
3950555
3951372
3951638
3952623
3957963
3960011
3965255
3966214
3968926
3970485
3977962
3978950
3979677
3980510
3981111
3983137
3984135
3985046
3988883
3990482
3992097
3992110
3995643
3996517
3996825
3998490
3999048
4001360
4002478
4002677
4003441
4004604
4006445
4006868
4010674
4012954
4016040
4016372
4018301
4026204
4026630
4026756
4027221
4027491
4028734
4034115
4034819
4034875
4037718
4040127
4041285
4041880
4042004
4044745
4046341
4046929
4048449
4048680
4050229
4052525
4052704
4056498
4059355
4062605
4065119
4067296
4069580
4070330
4073744
4076313
4077972
4081083
4084012
4087378
4089723
4090488
4093336
4097576
4098711
4102384
4103586
4103876
4110934
4111076
4113220
4114179
4114875
4116092
4116851
4120497
4121014
4123685
4124909
4124947
4125639
4129977
4130693
4141235
4141417
4145812
4149650
4152926
4154722
4156751
4162119
4166057
4169638
4169820
4169832
4171981
4179401
4179809
4181900
4182477
4182996
4185747
4190830
4196192
4196498
4196677
4198985
4199970
4200594
4201654
4206961
4208505
4210877
4211096
4214375
4218370
4218632
4222136
4227021
4233732
4234250
4236169
4237737
4240245
4241286
4246250
4248848
4250269
4252602
4252758
4253954
4254507
4255514
4261227
4263429
4264234
4265599
4266746
4267262
4268425
4269655
4271835
4272149
4273684
4274773
4275920
4281591
4281709
4285378
4285686
4286051
4287691
4288453
4289051
4298242
4299792
4301663
4303305
4303514
4307925
4308209
4308223
4310026
4312362
4317630
4318497
4318567
4318951
4321838
4323439
4325639
4327342
4331749
4333249
4333945
4335628
4339848
4341502
4341763
4344344
4345271
4349324
4350885
4352397
4352675
4353508
4355810
4355920
4359016
4364356
4376166
4378523
4382538
4384067
4391873
4397295
4397585
4398163
4402107
4410651
4411366
4413642
4414274
4414680
4415080
4423879
4424117
4424756
4429849
4430078
4434000
4437243
4439029
4448683
4449276
4451068
4451195
4455687
4458248
4458529
4459767
4460455
4460561
4464293
4464448
4464520
4464719
4465143
4467042
4467113
4467167
4467378
4470845
4470902
4470945
4471238
4471946
4472344
4473081
4474800
4476854
4479870
4481967
4484522
4487271
4487913
4488142
4489119
4489467
4489480
4489576
4491838
4493919
4494063
4503603
4503767
4504188
4504577
4506260
4506895
4508157
4508903
4509222
4513763
4513822
4514064
4517646
4522711
4527610
4528678
4531136
4532416
4537505
4538659
4540775
4541166
4541465
4546241
4547788
4553068
4553658
4553933
4554924
4555394
4556282
4556997
4557783
4558758
4562514
4568049
4568450
4568834
4569378
4569874
4572710
4575371
4577521
4578631
4578824
4578886
4579196
4581161
4581653
4582261
4584252
4586021
4587540
4587566
4590306
4595897
4596461
4601644
4602195
4603339
4614757
4617528
4619564
4619604
4619937
4622385
4622537
4627102
4628571
4628711
4629459
4629781
4631502
4633514
4633632
4636372
4641659
4644461
4647422
4653012
4654897
4655057
4658125
4660467
4661914
4665618
4666846
4667937
4668287
4668320
4671537
4672517
4678090
4679379
4679631
4681843
4681890
4685831
4691964
4694393
4694577
4694710
4694973
4700773
4701397
4703014
4704799
4707406
4707578
4707991
4710232
4711493
4713498
4713604
4717151
4717976
4720732
4721960
4722643
4722946
4724607
4725947
4727094
4730397
4730881
4731842
4735098
4738771
4738780
4739175
4744035
4747050
4747456
4751812
4763297
4764835
4766033
4766329
4767262
4767383
4770087
4770958
4771227
4773267
4774338
4774697
4775837
4780984
4781595
4782357
4782813
4782822
4783721
4787128
4790617
4794803
4795404
4796706
4799876
4800260
4800870
4802428
4803348
4804312
4804915
4805665
4808918
4812125
4813908
4816542
4817787
4820000
4822940
4823143
4826486
4828718
4829102
4830312
4830945
4832178
4833555
4834538
4835255
4836532
4837040
4838335
4842326
4843339
4843704
4847046
4851100
4856481
4857748
4859279
4864354
4864534
4865340
4865720
4866301
4866744
4868318
4869786
4869947
4870604
4871105
4875306
4876374
4876775
4877191
4878761
4880126
4881430
4884689
4887219
4888423
4889445
4892222
4894145
4895838
4897573
4898488
4900016
4900112
4902263
4911773
4912621
4913705
4916125
4920260
4920396
4925271
4925286
4925373
4928680
4932519
4933049
4934123
4940005
4942826
4952518
4955700
4957356
4957623
4959558
4959616
4960297
4961715
4961777
4961986
4965750
4967538
4968339
4969324
4970576
4978204
4979183
4986675
4999381
5006076
5006733
5007129
5007241
5008874
5009979
5010194
5010562
5013219
5015641
5016648
5018129
5019686
5020441
5023681
5025030
5025402
5034058
5034384
5034969
5035701
5042614
5043700
5043869
5045538
5045999
5047836
5047844
5048124
5048912
5052103
5054997
5056070
5056623
5059727
5060228
5060595
5061020
5061511
5062714
5066785
5068715
5069042
5069141
5069624
5069656
5072642
5073979
5074491
5074584
5080260
5085434
5085730
5086403
5087907
5090598
5090876
5098321
5098978
5100114
5101310
5101361
5104541
5106704
5106929
5107971
5111642
5113941
5115856
5116343
5117136
5122617
5124496
5138484
5140422
5140528
5143462
5144547
5145763
5147018
5149651
5151284
5151713
5151818
5154392
5159016
5159916
5160329
5161432
5164012
5165788
5168224
5168394
5168565
5168918
5169097
5170888
5171309
5173111
5173924
5178228
5181645
5184537
5187610
5188301
5192159
5201445
5202924
5212035
5213932
5218889
5219054
5221798
5223908
5224147
5224655
5226717
5228213
5228994
5229919
5232744
5235440
5235556
5237192
5238511
5239790
5239800
5240389
5244342
5246054
5249317
5249988
5251062
5253034
5254395
5257750
5257784
5258951
5262619
5262756
5263488
5264443
5265054
5265597
5269261
5269852
5270012
5270180
5270976
5273450
5274446
5275910
5279189
5280860
5281579
5282829
5287091
5288108
5293849
5294043
5297261
5298341
5298504
5298818
5299526
5300617
5304249
5309126
5310026
5310725
5313992
5323365
5324777
5327279
5329044
5330738
5331317
5332348
5337396
5339207
5339553
5339969
5341232
5342821
5344316
5345675
5346815
5352820
5355022
5356245
5360721
5361072
5362934
5363710
5364745
5366240
5366359
5367098
5367861
5368306
5370045
5370047
5371936
5371940
5376444
5378672
5380909
5381814
5388649
5389315
5397184
5398072
5401474
5403672
5408713
5410000
5415227
5415817
5416275
5417097
5419293
5421750
5421771
5422572
5422851
5425419
5425972
5431131
5433320
5434765
5437209
5438327
5440193
5444132
5445904
5446588
5448066
5451456
5455400
5455539
5456608
5456665
5457102
5468379
5472165
5475727
5476188
5477934
5480021
5480486
5482086
5482610
5483245
5483986
5484559
5490115
5490564
5491269
5492278
5494159
5496073
5496979
5499865
5500600
5505730
5506687
5507160
5511988
5512028
5513013
5513657
5516414
5517110
5518473
5519708
5520984
5522438
5522732
5523119
5523123
5523766
5524516
5524566
5532435
5533486
5536816
5537417
5543321
5543482
5544095
5548294
5549393
5554250
5558347
5559654
5562384
5566055
5570002
5571861
5579528
5580609
5580924
5583106
5584851
5585035
5585397
5592676
5594900
5596585
5600221
5605494
5608635
5611201
5612308
5614826
5616256
5621125
5622257
5624627
5626631
5627556
5631452
5632363
5633295
5635274
5638749
5640704
5642854
5645879
5646589
5647804
5648670
5657347
5659194
5660104
5663652
5664922
5665721
5666206
5668332
5668898
5670897
5674323
5678447
5679781
5679982
5684912
5685086
5687358
5688911
5691322
5691511
5691685
5694759
5698896
5699455
5702442
5702578
5703105
5710499
5710888
5711555
5716265
5717220
5719700
5722494
5722765
5723046
5725697
5726887
5728222
5729048
5729981
5733507
5737779
5738482
5739124
5739375
5740633
5744133
5746212
5747075
5747709
5750135
5765746
5768348
5772769
5774460
5775162
5775208
5776243
5776479
5776558
5776594
5777554
5778709
5780410
5786131
5787216
5791994
5793961
5796512
5798611
5801033
5801970
5804293
5806049
5806448
5807146
5812811
5815377
5818081
5822319
5827822
5827863
5828350
5830533
5832252
5832604
5832647
5834710
5835269
5836024
5836380
5837175
5837403
5841445
5843035
5844841
5845422
5849282
5850184
5850748
5850938
5850995
5852598
5852796
5855235
5856243
5857812
5858868
5859287
5862161
5862512
5862692
5865692
5868199
5868732
5873010
5877701
5879520
5879617
5879847
5882256
5882395
5884769
5887142
5887581
5887770
5888959
5892496
5892990
5897551
5897613
5899910
5901444
5902466
5903582
5907709
5908241
5911301
5912243
5915782
5917151
5920518
5923304
5923782
5924071
5925218
5925766
5937998
5938875
5943342
5950843
5953302
5956997
5957045
5962818
5962986
5963579
5967651
5969445
5975035
5975797
5979934
5980959
5981394
5984965
5986026
5987634
5988521
5990463
5996677
5999748
6002036
6002447
6006053
6007141
6014320
6014412
6015330
6019016
6019353
6021433
6023306
6024054
6026774
6028611
6029550
6030802
6036096
6037178
6041313
6041634
6047471
6048649
6049186
6052090
6053102
6055044
6055241
6057764
6058540
6058555
6058848
6058937
6061124
6061727
6063302
6064216
6068564
6070267
6071885
6073119
6073343
6076678
6081841
6082896
6085471
6087633
6089057
6090651
6090692
6094109
6094178
6095464
6096745
6097232
6097468
6098646
6102635
6102742
6106772
6109860
6111184
6114461
6118023
6118638
6121420
6125865
6128738
6133328
6134342
6134352
6136509
6138683
6139098
6139472
6141109
6142718
6145732
6150574
6150583
6151533
6153412
6153412
6155920
6158729
6159202
6160664
6160846
6163950
6164889
6168482
6168739
6176870
6177954
6178403
6178957
6187055
6189892
6190513
6196417
6196623
6196969
6197506
6197911
6201090
6201743
6204142
6204933
6209375
6211136
6213651
6216905
6217354
6220255
6220555
6221769
6222535
6227897
6229247
6235371
6236222
6240018
6241540
6241993
6243584
6244211
6247815
6248741
6249170
6252984
6254970
6259834
6261026
6266799
6267258
6268743
6270731
6270855
6274604
6275468
6277215
6285205
6286868
6287385
6288960
6291244
6293904
6297455
6300858
6310600
6314251
6316569
6316603
6323419
6324367
6327688
6328728
6329614
6331353
6331609
6332660
6332863
6333007
6333533
6338112
6339994
6343355
6351976
6352887
6353692
6353840
6358852
6359288
6361181
6361268
6368808
6371443
6372986
6375149
6377595
6379224
6381408
6381577
6384472
6387814
6389261
6390269
6397291
6406851
6408117
6409921
6413206
6413411
6414944
6417131
6420604
6421672
6422483
6424240
6428115
6429375
6429931
6430227
6432585
6434906
6435270
6435696
6437823
6442026
6448667
6449817
6449935
6452691
6453658
6454485
6454516
6455472
6456762
6459003
6460069
6460297
6460484
6465539
6466647
6470181
6471406
6474681
6475829
6477556
6479155
6482442
6485541
6487582
6488368
6488387
6489288
6489696
6490820
6495461
6495783
6495849
6496445
6499493
6499909
6502322
6502353
6502487
6508819
6509276
6510532
6511700
6511726
6513160
6515475
6520762
6524336
6526799
6528321
6530520
6532061
6533494
6533930
6535473
6536235
6536800
6538930
6545552
6547041
6549159
6551163
6552003
6555327
6555663
6556052
6556451
6557591
6559283
6560338
6560601
6560606
6561370
6564234
6564568
6565254
6566251
6567645
6567792
6568191
6569406
6572758
6577955
6578591
6579161
6579408
6583205
6587035
6588184
6589849
6590890
6591078
6594231
6597528
6600943
6601146
6602744
6604038
6604327
6608786
6609565
6609768
6612098
6613709
6615927
6616068
6618701
6619695
6619927
6626315
6630806
6634222
6636249
6639894
6643564
6645636
6647890
6649065
6650050
6653259
6654506
6657534
6659041
6662474
6663076
6664125
6664388
6664390
6665804
6668278
6668855
6672056
6674133
6674529
6674906
6675064
6675546
6685225
6685515
6687682
6688851
6690762
6693876
6694957
6695912
6699805
6702316
6704504
6705246
6710697
6710901
6712138
6713521
6717297
6719296
6719979
6721109
6721593
6722016
6722371
6724784
6732030
6734208
6741074
6742999
6748496
6749822
6751981
6754004
6754628
6754923
6755310
6758709
6759943
6760936
6760949
6761840
6761947
6763003
6764925
6765321
6765376
6768555
6775361
6776399
6776675
6779842
6784069
6784301
6788761
6789787
6794168
6794720
6796444
6799329
6799512
6804804
6811298
6811980
6814160
6814991
6815718
6820086
6821761
6822947
6823300
6824979
6827353
6831022
6835656
6837213
6838589
6839981
6840191
6840789
6841769
6846370
6846767
6847091
6848572
6850633
6851291
6851691
6857962
6862858
6863389
6863553
6864196
6865241
6865835
6866862
6867606
6876081
6876801
6878944
6879843
6880900
6881516
6883910
6885982
6887363
6888009
6888477
6888503
6888995
6890062
6891779
6892928
6893748
6895056
6900333
6905113
6906822
6911657
6916775
6916943
6918098
6920638
6921390
6924159
6929041
6931632
6932401
6937500
6937507
6942040
6944286
6945139
6946081
6954130
6954816
6955389
6956097
6956291
6956623
6957132
6958000
6960546
6964135
6964599
6964941
6968216
6970730
6982600
6986140
6991079
6992771
6993050
7001648
7001770
7003504
7004500
7005141
7005918
7006269
7007110
7010686
7010839
7011374
7013343
7013577
7013845
7014480
7015250
7017579
7017770
7019274
7022558
7026329
7027445
7027447
7031160
7031582
7033472
7036829
7037193
7037387
7038937
7042044
7043233
7043757
7044714
7046739
7047200
7055519
7056615
7059627
7061258
7062057
7062874
7063032
7064145
7067166
7068113
7069087
7069902
7076387
7076443
7076551
7082061
7082291
7084670
7089143
7089932
7092431
7092477
7095903
7096925
7099894
7103105
7106222
7109307
7111748
7111903
7111949
7112059
7118168
7119080
7121438
7121634
7122548
7122703
7122804
7125633
7125934
7128968
7129790
7145987
7148766
7149559
7149646
7150516
7150824
7151421
7151436
7151699
7154788
7157360
7159759
7166212
7169753
7170856
7171084
7172644
7172920
7174540
7174988
7175305
7177940
7179982
7181686
7183452
7185269
7186195
7187637
7189190
7194512
7199053
7199133
7200923
7201918
7204156
7205343
7212879
7213993
7214427
7215138
7215332
7215719
7218103
7222825
7223494
7224641
7226991
7228347
7232937
7233035
7233748
7238132
7240621
7243399
7243966
7247213
7247896
7249826
7250070
7251060
7251284
7251899
7253233
7253488
7255582
7256541
7256863
7261390
7266026
7268912
7269740
7270092
7271505
7275709
7276967
7278791
7278969
7281333
7281455
7281547
7282061
7283163
7286601
7290037
7290157
7293222
7297861
7301531
7304013
7305047
7307383
7307754
7308274
7309333
7312686
7313821
7315227
7315255
7315730
7317044
7317384
7319860
7321662
7323335
7324831
7325271
7326570
7326964
7328543
7329373
7330746
7331569
7332441
7332592
7338221
7338949
7346619
7346999
7347021
7347174
7348194
7351742
7355973
7356241
7358727
7360414
7361644
7363434
7365206
7365525
7370428
7370894
7371539
7374950
7379740
7380184
7381957
7385928
7389474
7392370
7396659
7398541
7399795
7401163
7403534
7403966
7405553
7409209
7410154
7410193
7411302
7418308
7420135
7420622
7420780
7421554
7422031
7425562
7427885
7430602
7435008
7435291
7436224
7438027
7446650
7447029
7448182
7451032
7451504
7454382
7454682
7455849
7459440
7462702
7467636
7471161
7472764
7473188
7474651
7475356
7478659
7480579
7484198
7484506
7484818
7485184
7485869
7489750
7490463
7494852
7495957
7498758
7499538
7506404
7506544
7507424
7507595
7515295
7517007
7520166
7520569
7522887
7526976
7529411
7530282
7532676
7538489
7539796
7541101
7547109
7550077
7551689
7551739
7554235
7555563
7556050
7560743
7562464
7563839
7568119
7568631
7568634
7569824
7570985
7571546
7571800
7572121
7573238
7579617
7579749
7582449
7584575
7585987
7586470
7590955
7591996
7595671
7597159
7602972
7603716
7606543
7607366
7607417
7609682
7613266
7616270
7620213
7620253
7621164
7621247
7623548
7623623
7635628
7640768
7642050
7642100
7644181
7644236
7646317
7651274
7652372
7653032
7653069
7653901
7655841
7655906
7657546
7665246
7666297
7667001
7671094
7674852
7676461
7676540
7679248
7679655
7681952
7685487
7685655
7686109
7687676
7690292
7696888
7699589
7700636
7701065
7703108
7703919
7704140
7704750
7705144
7706182
7709754
7712671
7712855
7714987
7715689
7717032
7717551
7717640
7723876
7725931
7726159
7727160
7729051
7729178
7734297
7735791
7736564
7737133
7737691
7738436
7743904
7746012
7747930
7748783
7749103
7750143
7751813
7751921
7754417
7755749
7758563
7761241
7764806
7765354
7766351
7766992
7768242
7768568
7772323
7778509
7782187
7784847
7786137
7787028
7787167
7787911
7789304
7789490
7790993
7791373
7792373
7797296
7800706
7800859
7806350
7806497
7812200
7819551
7822358
7828260
7830059
7832924
7833854
7834047
7835307
7837404
7837875
7838012
7838888
7839409
7839478
7843234
7843614
7843665
7847395
7854007
7854600
7854896
7855961
7857691
7857879
7858515
7859292
7859850
7860747
7861686
7862014
7863300
7871435
7871819
7874533
7877793
7879037
7880138
7880235
7882405
7882489
7885695
7887283
7887615
7888021
7888050
7888616
7892690
7900103
7900739
7901200
7904911
7905120
7906377
7910956
7911312
7911653
7912828
7914167
7919719
7922543
7923404
7923906
7926634
7930366
7931910
7932099
7935202
7937604
7940827
7940970
7942091
7942103
7945356
7947761
7949403
7949629
7952655
7955256
7960381
7962115
7964398
7964617
7966847
7967864
7969161
7969177
7969301
7972391
7972610
7972917
7973689
7975843
7976172
7980535
7980871
7985193
7992011
7992591
7997745
8001274
8007277
8007867
8008320
8012690
8017549
8023082
8024305
8027991
8032126
8033398
8035083
8038417
8038999
8040542
8040656
8046822
8050128
8052204
8054978
8057923
8059283
8062101
8063784
8067476
8068517
8070870
8073346
8074390
8076174
8077961
8082227
8085099
8086401
8087311
8088504
8092819
8093452
8094430
8094554
8094716
8095677
8100241
8102750
8113877
8114005
8119423
8121003
8121890
8123265
8124015
8124120
8124602
8126333
8127350
8128037
8133065
8137710
8138170
8139057
8141457
8142316
8143510
8143559
8147598
8147734
8148624
8150760
8151714
8153418
8153770
8154364
8158032
8158742
8161238
8161397
8164177
8166247
8167235
8174559
8177120
8178748
8184890
8184938
8185834
8189137
8189880
8193428
8195126
8196593
8196749
8196806
8198073
8198476
8206196
8207433
8211607
8217124
8222744
8224876
8225841
8229286
8235054
8237255
8237283
8237418
8238738
8239863
8243746
8244517
8244857
8245249
8245893
8247548
8248927
8252507
8262801
8263697
8263935
8266085
8266602
8267155
8267822
8269421
8272465
8272529
8273824
8274309
8275963
8278419
8278708
8284073
8288362
8289970
8293719
8295226
8299031
8299464
8299923
8303643
8304603
8304697
8306359
8307265
8309517
8311161
8314861
8319292
8319343
8320731
8325248
8325271
8325588
8329227
8329564
8336460
8337906
8338427
8341597
8342397
8348406
8349915
8354530
8355934
8356885
8359613
8359944
8361581
8362386
8363806
8364171
8365742
8366626
8367460
8367835
8370825
8372489
8381705
8382138
8383542
8385231
8387974
8388028
8390129
8391709
8397701
8397943
8400646
8402351
8403483
8403724
8404132
8405029
8405655
8408765
8413686
8414579
8417690
8417878
8417950
8420465
8421692
8421776
8422322
8425531
8427050
8428043
8435538
8436373
8439306
8443386
8444548
8445730
8446316
8449029
8459670
8461412
8463130
8464504
8471004
8471842
8472116
8474917
8476055
8476405
8481077
8482948
8483638
8483642
8484215
8488294
8489013
8490859
8493047
8494103
8494831
8498214
8498867
8499918
8503075
8504478
8506256
8509731
8511701
8514371
8514635
8515373
8515605
8519691
8528934
8529363
8530963
8532278
8536303
8537466
8541547
8543012
8545800
8547989
8548775
8552516
8553548
8557118
8559430
8559803
8561623
8561665
8570345
8573352
8574703
8575027
8575966
8576737
8577112
8577168
8578721
8582980
8585454
8585803
8585974
8586280
8589304
8589797
8596442
8596545
8605621
8606000
8607585
8609189
8610322
8611444
8612407
8613106
8613422
8613638
8614208
8615184
8622708
8626009
8629411
8629482
8632048
8635390
8638493
8638906
8639710
8641604
8643123
8643677
8647898
8648718
8657516
8660362
8660779
8662728
8663138
8671719
8672200
8674547
8675091
8676540
8678657
8679529
8681197
8682968
8683098
8684229
8686427
8688342
8691899
8692135
8692203
8692954
8696812
8700251
8704575
8705122
8707588
8708681
8708749
8710844
8714857
8715014
8715603
8718020
8720886
8722800
8722904
8725109
8730400
8732569
8733332
8734748
8735834
8736691
8740694
8741919
8743105
8745082
8747333
8753957
8754705
8755173
8756027
8759733
8760132
8761534
8761691
8763417
8765575
8767050
8768161
8768330
8769057
8770110
8771150
8772346
8772369
8777404
8778324
8780410
8781578
8783031
8787011
8789828
8793114
8793982
8799730
8802543
8803743
8804117
8804197
8807289
8808211
8809418
8809595
8812489
8813656
8814178
8815213
8815310
8815348
8821378
8823859
8824195
8828145
8830004
8832547
8834529
8837142
8840972
8842677
8843827
8849566
8852644
8853777
8857180
8859210
8859378
8862552
8863762
8864474
8865208
8869354
8871150
8874486
8877914
8880365
8884620
8884891
8886451
8887257
8887906
8888450
8889895
8891858
8894116
8896605
8898816
8902045
8902574
8906588
8911509
8913798
8914651
8915293
8917433
8918057
8920734
8921063
8929201
8935709
8936625
8936859
8937815
8939216
8940778
8940821
8943098
8945682
8946760
8946980
8948200
8949916
8953938
8956033
8956981
8957931
8958747
8959225
8961386
8967034
8967673
8968194
8969930
8971556
8985603
8988823
8991094
8992310
8993942
8994275
8996141
8996380
8999423
9006164
9008385
9010876
9011120
9015687
9016238
9018516
9018812
9025805
9025937
9026531
9030693
9032628
9039036
9039255
9041935
9043202
9044550
9045829
9048770
9050908
9052901
9053045
9056012
9058722
9058953
9059140
9061516
9066737
9066871
9069913
9070031
9070685
9074033
9074588
9078956
9080884
9090292
9091247
9094524
9096446
9098463
9102024
9102503
9105084
9105326
9112478
9112779
9113431
9113623
9119204
9119926
9120486
9125480
9126806
9127729
9128485
9128774
9131849
9133829
9134703
9134871
9134973
9136708
9139237
9140344
9140446
9140623
9146943
9149492
9152188
9152738
9158897
9160511
9165289
9166573
9171890
9174418
9175930
9179427
9179620
9185451
9193908
9194363
9194392
9194760
9197032
9201548
9203228
9203947
9210149
9215655
9216010
9218230
9219510
9220024
9224239
9225353
9228713
9229689
9233006
9234126
9235286
9240853
9242155
9245585
9247048
9250031
9250293
9250390
9250607
9251334
9255902
9258991
9265836
9269660
9271587
9274614
9276710
9280176
9280211
9281913
9285516
9286933
9287047
9289854
9291582
9294007
9294332
9300133
9300728
9306825
9308250
9312538
9318053
9319529
9320271
9322418
9323154
9324587
9325281
9326426
9327048
9327265
9328742
9333783
9335407
9343914
9344425
9347444
9350742
9352009
9353070
9353341
9359876
9364382
9367386
9368728
9372098
9373303
9375450
9377632
9379258
9386861
9390538
9391136
9394146
9394509
9396447
9399206
9400998
9406706
9407646
9414694
9417520
9419764
9422002
9424540
9425323
9428170
9438624
9438816
9441181
9441235
9442091
9444105
9444590
9445697
9446987
9447375
9447919
9449907
9451585
9453491
9456682
9458461
9461217
9462027
9465393
9466360
9471229
9471362
9471658
9472073
9474434
9478276
9479627
9479714
9481791
9483343
9486120
9486803
9488511
9488520
9496921
9499141
9499415
9500492
9503575
9504325
9504330
9504821
9505564
9513771
9515063
9515109
9515138
9515165
9523712
9523929
9526637
9526921
9527491
9529335
9529620
9533907
9537761
9539767
9543503
9544510
9548146
9553056
9554413
9557443
9560898
9565640
9569213
9569788
9571211
9571678
9573075
9578919
9580182
9581735
9584026
9586183
9586361
9588560
9592638
9593484
9593835
9595437
9597936
9601789
9602123
9602552
9603001
9604607
9608020
9609343
9611080
9611637
9612843
9614340
9619834
9621036
9627219
9629917
9630766
9631899
9632218
9638731
9639462
9644458
9655780
9659899
9663466
9666484
9668744
9670853
9679692
9681757
9689137
9689137
9689438
9690347
9690843
9694943
9695448
9697024
9700107
9701956
9704676
9709550
9712394
9715277
9717692
9718252
9721308
9721677
9724059
9729044
9730325
9733882
9738399
9747261
9750252
9755015
9755405
9757208
9762864
9763086
9763881
9768001
9770000
9772079
9772145
9776379
9777468
9779022
9779199
9781280
9782573
9783003
9783367
9784638
9786379
9787427
9791367
9792686
9793326
9793426
9793876
9794163
9797005
9798693
9798989
9799369
9801305
9802657
9803137
9803322
9805102
9807182
9808618
9809821
9811096
9814568
9815109
9819494
9820302
9820780
9820900
9821412
9821736
9821907
9822644
9825177
9825465
9825774
9826064
9829805
9833074
9833687
9842104
9844051
9844658
9848604
9848773
9848885
9850699
9851300
9852630
9856431
9859011
9860621
9861006
9861922
9862267
9862637
9865151
9865376
9865982
9867672
9870098
9870377
9874995
9877444
9878538
9879689
9879853
9880434
9883061
9884305
9884558
9885709
9885895
9886149
9886866
9887299
9889006
9891774
9896771
9899952
9900148
9900830
9900932
9905160
9911589
9913776
9918227
9918506
9926139
9927841
9927958
9932663
9932696
9934194
9934527
9935645
9937684
9940119
9941842
9942861
9945425
9945870
9945997
9947560
9949592
9950860
9951925
9955074
9957559
9961522
9963066
9969165
9970145
9973422
9976736
9979212
9981876
9982671
9983282
9984047
9986836
9988811
9991734
9993368
9994167
9995249
9996452
9996648
9998060