2940
5495
10698
17810
21606
23218
23627
23985
24031
26666
27418
27636
28210
33594
35243
35647
38584
43702
46336
47642
48383
48782
53815
55410
55909
56469
60178
63377
64396
65797
68116
70790
70909
72873
74373
75211
76449
78792
81947
82962
90391
90980
92239
95466
97783
100082
100493
102772
103770
106464
107524
112034
112449
117505
118297
120359
120598
122438
124289
125425
127333
128242
129472
131037
131656
132873
133350
134524
134748
135776
139518
142020
143512
146851
149378
157309
157322
157387
158543
159930
160974
161407
162293
165135
166644
166871
168350
170152
170629
172819
173141
173625
176558
176698
177030
177493
178624
179886
180322
184898
187601
193853
194807
195905
196327
201709
207201
207987
208098
210494
217429
219336
220483
221197
223842
226666
228523
236166
239297
239744
242201
242640
243971
243998
244204
244412
252305
252921
257724
257866
258318
259670
265846
267215
269535
269835
271703
271760
271763
274560
275733
279075
284897
285100
286522
291492
291728
292454
292788
295660
296268
299168
306597
310937
311045
312669
313062
314042
314538
316362
320045
320088
321919
321981
323667
325003
329898
332895
332956
334713
335080
335535
337435
337548
338109
338967
340977
341268
341992
345000
350366
351341
354641
355380
357549
370066
370554
371375
372620
374310
375695
377500
380872
381366
382550
384870
385160
387758
387800
391957
391960
396525
396832
400305
402341
404026
409820
410930
413027
414228
414384
421350
421991
422065
423486
424459
424607
426167
427173
430046
433020
437984
438356
438599
444186
446006
446264
447978
452818
465877
467603
468179
470010
471325
471526
476135
478249
481201
482058
483670
488264
491984
493367
495005
495277
495382
495735
497638
497654
498305
498573
502773
502964
503120
504319
506006
506864
508195
508924
510005
510935
510959
511415
512662
512807
515589
515902
517357
519218
519316
519457
521723
523393
524080
525071
526570
527418
531449
532581
533211
535958
540426
542334
544534
545250
549100
550891
559551
560796
565264
565283
565319
570902
572386
579270
580228
581263
583005
585838
591657
594334
604825
605348
606592
609148
610738
611269
611875
615373
616521
622719
623500
623530
626226
627231
628342
628465
630881
632084
632730
635192
635426
636352
639348
641146
644480
646706
651839
655639
658386
658515
659854
660593
660773
661166
661985
662823
664705
667412
668106
668972
672935
673255
675140
675268
676042
676619
677392
678003
682547
682959
685338
686314
687662
687841
688690
689455
694681
694772
695971
696103
698198
700825
704550
707710
708851
711900
712285
713516
713953
717362
718256
718753
719341
721351
722128
723475
725888
727271
727974
728804
728984
729011
729324
731231
731809
732123
738251
738448
740364
742588
744173
752258
753251
754411
755752
757063
757990
759695
761158
764789
765215
765403
766378
767907
770417
772402
774284
774391
775199
775241
776707
777090
777167
785974
786850
788289
794202
805360
812236
812241
816153
817864
818369
818545
818634
819225
821784
822445
826642
826718
828896
829780
830543
831015
832554
833980
834131
838645
846421
846686
849730
855065
855643
856157
857789
858175
859097
859230
861424
862361
862533
865100
865521
866988
867486
869096
869486
869580
869811
870739
873020
873838
874024
875509
875743
877406
878425
879618
879803
881005
882580
882796
887812
888626
889609
894549
895716
898465
899200
900412
901115
904779
905906
906399
907279
912252
916225
916494
919086
924540
924952
926315
926714
927796
928344
928634
929247
929449
929459